33.8681
88.9794
120.469
43.644
20.0658
16.0046
27.5917
78.3327
18.8852
11.4739
123.12
54.1885
18.3591
5.66319
6.18843
59.0416
108.791
3.02054
3.23046
1.53989
1.94918
0.434241
4.05492
15.7279
31.9296
2.22789
2.21878
1.10473
1.52037
2.89695
6.80446
2.06089
0.683104
3.84703
5.52387
1.72525
0.932846
1.16817
1.04142
1.78376
1.38493
7.32814
1.74919
2.60092
5.11744
2.43454
2.36963
2.71174
4.62025
0.304204
0.605944
2.38838
1.19405
1.23385
5.15432
7.78856
0.17296
1.2717
2.70163
4.03639
0.475188
1.08387
22.496
9.0228
148.404
4.76834
0.382435
1.60803
1.33814
12.3498
8.44785
5.30055
6.09108
3.58009
22.4807
3.06412
4.92758
1.8089
0.664245
0.310985
0.692468
1.39327
4.41262
12.751
4.00005
10.8055
64.5779
43.1663
72.9378
199.874
275.647
5.80841
37.9495
20.3285
4.28607
0.308663
2.12419
339.432
153.688
54.496
27.0752
18.1725
41.037
37.3475
7.37002
11.2757
5.35898
4.66553
73.2021
209.818
0.522588
4.40577
19.1223
11.7403
52.9229
3.41495
1.91898
0.958798
6.23082
0.886154
6.47331
0.217866
1.80883
0.731113
5.73284
7.04916
5.26377
2.01082
32.846
23.4632
36.8983
22.2755
4.39222
2.13149
1.47874
2.5385
0.519815
1.75343
0.528835
0.513045
0.373846
108.236
6.24777
4.94864
0.757829
0.536665
4.10505
82.3094
17.5518
60.6676
0.411496
20.0148
3.35423
1.24343
0.300636
0.570397
2.60312
7.20523
3.5171
7.48435
1.61391
9.65748
9.05339
117.642
96.093
54.261
320.88
341.433
97.5995
24.0639
9.68962
41.4823
48.7643
6.01641
15.4199
3.79306
3.22578
3.31211
0.320145
1.27137
1.02359
58.3655
8.8935
42.5733
24.8938
27.9465
30.0021
0.299375
0.20074
0.192093
1.14603
0.571184
0.656923
2.89169
2.05215
4.03455
1.52278
2.46415
0.779316
0.73776
1.52385
1.84712
5.95038
1.65468
0.741275
0.578049
1.85612
3.47362
2.80129
2.36884
0.882887
1.11727
0.497487
1.65726
0.896686
1.29082
2.73626
0.887866
9.10973
6.10107
8.03389
0.639457
4.37555
7.00593
4.14452
0.330229
3.21446
1.66434
0.224182
0.210424
156.353
46.7033
0.582982
0.786157
3.56751
11.593
0.54161
1.41919
38.8006
68.287
0.980999
0.481235
3.57458
0.603765
6.17016
0.0247553
0.0618101
1.3149
0.250552
1.77818
336.615
82.0097
43.0412
5.12475
10.4046
33.8001
13.8104
5.82458
0.721751
13.9157
2.46479
3.64509
0.954276
5.24765
45.5184
126.557
1.99137
3.46452
9.05946
599.3
202.88
42.2456
0.294394
1.39677
0.541955
0.839373
3.96572
1.83569
0.896348
0.59166
11.2099
7.18643
30.625
1.05851
4.67979
42.6329
1.30737
1.11328
11.6356
14.9849
1.96151
19.3589
3.83115
0.429382
8.39386
7.16805
0.142234
8.20404
4.84512
2.13494
0.277587
1.29657
3.32686
0.952923
1.49073
2.45157
1.22944
0.632485
1.1179
2.20577
0.665295
0.19427
0.24498
4.70606
9.58876
410.05
0.948276
2.6332
1.56773
0.215623
1225.56
387.532
8.69361
3.26045
5.13856
1.22655
0.512824
0.466605
5.59373
0.614898
0.296157
0.380077
1.26864
5.35349
3.48684
11.1476
1.39699
3.36044
1.05826
1.83918
2.79804
1.73909
2.40898
0.384957
4.29892
8.46699
1.50384
0.624954
3.35896
1.22074
1.12422
1.3439
2.85668
38.6621
48.6335
182.038
22.2417
509.492
264.458
1.81041
308.48
1.23326
1.3829
5.76728
4.38879
1.10293
0.462366
0.407573
1.39134
0.987177
0.763471
0.272333
0.515669
18.8552
4.99494
1.30953
2.72692
0.183349
0.216717
1.36479
1.55908
2.97718
0.546204
0.171768
0.881742
3.74501
1.43399
1.77957
0.696624
0.803192
0.784723
4.1638
115.306
196.781
1101.12
242.395
0.646623
3.7546
0.425877
0.287034
94.5038
89.2538
24.0419
1.33503
0.453775
7.86467
4.00619
0.068538
0.0249689
2.24884
2.9279
3.48096
1.19734
3.50804
3.38827
1.17658
1.06034
2.34671
2.38235
2.68962
236.322
653.907
3.03372
1.46857
7.20641
8.55075
1.92629
40.8963
22.2449
6.2322
8.10745
13.4244
1.63511
1.80414
8.05479
5.69135
37.878
18.4853
4.78598
4.27649
2.40723
1.98232
2.16455
1.32933
2.13577
1.60619
0.789971
2.52272
6.79731
2.33695
58.2978
36.5053
4.57991
3.80993
5.32411
4.33386
0.571423
0.287574
6.97565
2.25507
0.546204
0.419865
0.858996
0.971861
3.34922
14.1856
1374.71
10.5469
0.909009
0.594389
1.42742
0.72992
2.88587
1.25392
5.44431
1.1435
4.44159
2.43671
7.57956
12.4884
2.80703
5.41314
63.0842
126.631
70.9314
7.78964
5.30951
18.2578
11.4252
0.714824
2.03887
3.31012
2.92425
20.4203
1.89202
6.81008
2.13195
2.18356
0.218181
0.341874
435.89
312.446
45.7345
19.9622
11.334
16.5638
10.7959
1.61646
12.8543
1.59743
22.1576
6.91564
1.99497
0.225362
12.3702
6.06956
34.2085
40.3744
21.0137
3.41123
1.94085
0.640836
1.55543
1.56554
0.518694
0.308951
2.28316
0.170692
1.11822
2.32674
4.15944
2.33372
2.7085
1.2804
33.293
30.4559
3.95415
0.659273
2.56107
5.1832
4.76597
4.06899
10.4875
0.358689
9.55831
0.819763
3.97103
1.38118
1.85247
0.644878
1.30534
1.95661
6.55733
64.1646
5.23854
131.275
6.98857
342.38
134.767
514.686
112.287
63.6889
80.6937
22.878
14.3344
8.47971
3.82097
0.725871
2.49131
1.54667
4.19394
0.359385
1.35591
1.86867
0.264042
3.29803
2.9492
1.99001
3.3713
13.9351
2.45468
1.65766
6.04308
4.66377
5.7628
10.4103
49.2
46.6303
96.6013
0.509603
0.565331
1.78309
0.553042
67.0856
1.86018
0.251868
1.00889
107.355
164.525
1.35625
0.0688068
0.0639365
0.365115
0.428227
2.66866
0.547991
0.208275
7.41366
18.6955
3.4305
0.905948
2.52407
1.97271
1.3956
4.68416
0.861074
0.348213
0.62331
1.27236
0.969202
8.70363
2.12477
0.688425
0.38198
1.65022
2.38113
2.96912
25.4072
5.48991
1.80168
2.51554
1.37396
3.99126
2.47643
34.028
9.06079
0.620584
2.31041
69.3883
20.8209
118.917
1.5235
0.369862
3.16725
0.907916
0.713184
0.745461
10.3092
2.13724
6.76861
1.91084
3.01983
14.5474
16.7755
43.0735
4.10717
65.3732
38.5252
105.268
37.7859
68.3526
129.44
4.13372
1.65768
24.4368
8.55159
72.0612
592.134
27.3696
17.6845
7.46781
31.788
8.44647
8.63234
4.04897
3.10361
2.93681
0.737829
1.91649
6.54347
2.70051
0.241688
0.438296
0.193824
5.95031
17.4589
92.701
140.732
80.5635
5.11379
1.07713
5.23443
6.18387
14.555
20.9539
4.73619
8.58872
0.893877
1.48641
1.50622
0.443691
5.01496
6.63996
98.0608
46.3788
99.9204
25.4733
16.4768
59.3116
46.7923
4.9235
20.4718
5.6002
34.4477
18.2766
3.73494
5.93228
8.02043
0.489119
0.780911
4.54526
3.64868
0.414322
0.813919
4.32478
17.2605
66.9527
7.9639
99.4369
137.924
125.542
15.8624
23.5006
10.8986
152.678
544.04
0.619358
0.436602
1.02286
0.781881
16.7125
1.19847
5.17405
3.29846
1.72439
5.41625
36.7545
11.601
0.680203
0.59592
1.61625
3.60845
4.12612
2.88442
1.46123
0.496375
0.383383
125.662
83.4372
60.4676
148.733
23.5609
18.949
0.690969
1.60332
4.26171
1.74792
0.678326
1.91671
2.82874
5.35275
0.384447
4.9634
3.0669
6.82807
0.392369
2.90654
0.393839
1.50311
0.45164
0.59857
0.833253
0.715167
2.15698
2.01039
2.13382
6.92229
6.03913
3.43345
2.25594
8.61626
107.013
49.5326
87.8329
44.9515
100.831
39.9678
1.27678
4.38465
253.749
1.02769
1.21316
2.15397
0.356507
1.16518
0.284338
2.98082
8.67947
22.0348
32.7127
89.7739
245.824
70.6274
7.14585
2.8984
52.219
0.366557
0.758669
0.410672
0.63663
0.494
2.16391
1.58546
6.63913
1.50914
12.0244
82.5224
7.43424
40.1143
65.6663
103.054
181.309
6.94716
9.96382
1.83667
0.270151
0.562086
5.59377
2.98156
0.206375
2.13677
0.46125
0.512639
1.24967
0.214733
0.456059
0.333041
47.3631
2.29149
2.17702
85.6899
73.8666
32.7417
27.3952
8.78161
5.89537
3.45575
1.23719
1.51005
0.301118
0.154306
2.2781
2.4824
1.48145
3.91069
6.86414
0.580984
8.75698
36.5831
0.692972
3.46415
0.304459
0.308768
0.631471
0.157602
6.55924
3.57131
4.28087
110.438
4.82181
61.3073
15.0364
2.22314
0.500112
0.185076
0.222523
0.25702
1.4298
0.190503
25.2807
21.9532
4.45863
8.12446
4.94756
96.2561
11.0314
0.619838
0.0949832
15.9203
26.5557
59.0365
54.0885
11.322
5.35456
25.2391
45.5761
20.6098
74.1164
872.893
2.39793
19.538
34.5804
35.3523
50.3531
1152.31
1.48128
1.7697
3.34204
0.900717
0.272182
0.392878
4.58696
4.48917
1.09502
5.02458
3.24291
0.424234
2.98998
7.04942
33.3226
0.217941
0.457202
0.918367
1.62102
16.1433
1.13759
20.1411
198.34
113.991
27.461
7.20067
4.10008
16.1572
2.90264
0.439114
2.58756
1.58189
2.98953
2.60782
5.71532
2.16518
0.710153
0.150361
60.4883
102.624
46.0944
20.875
36.3701
5.08367
15.6662
5.04898
11.9251
0.517674
7.11611
1.156
1.68645
117.442
29.8334
20.7664
10.577
0.763709
2.83146
1.31702
3.76228
0.300495
2.40407
4.17488
0.845062
28.4443
300.895
113.82
36.5362
65.5792
5.65812
0.843034
0.719027
0.312263
1.25965
7.50575
0.932463
0.357439
0.938281
0.859601
0.676024
1.40463
6.89362
3.73967
7.09332
21.22
1.53674
0.659546
0.766103
8.26157
1.72877
24.7339
4.9533
7.79248
20.3803
2.26651
0.69777
1.44403
2.92225
0.397221
4.422
0.607051
0.782778
53.0177
92.9614
177.721
74.9416
8.99367
0.386945
1.87434
2.87209
0.517585
13.9335
6.4967
1.33486
2.90795
0.261282
0.870616
0.430185
0.271677
17.8681
8.98888
18.4498
37.8774
84.0311
17.6486
723.91
201.92
0.633059
2.93485
2.71752
0.512846
14.4743
2.85196
13.669
1.19422
8.99255
3.02258
124.628
20.6622
12.4207
0.542307
3.19725
4.08728
7.41192
0.456433
2.302
2.55446
1.96679
1.28821
15.8772
5.30199
0.577215
2.25819
122.13
33.6454
0.993893
0.725449
0.950898
0.56839
1.70164
0.649686
0.812859
0.692074
1.9769
2.09312
0.381618
1.5818
3.01131
2.22535
1.69985
1.42654
3.27589
20.5508
0.633759
1.24018
1.19488
0.677556
6.27247
1.44931
1.39893
1.3124
359.554
123.917
26.2188
3.61169
13.2877
26.4149
3.24086
6.10766
3.27059
1.50604
7.43998
0.778105
0.216372
14.7748
0.848945
0.41305
1.73203
3.97652
2.3856
1.19925
4.93478
83.3282
57.9648
9.92701
115.489
46.1562
277.846
377.347
4.9683
5.38446
2.38682
0.376993
0.468829
7.74704
16.8119
8.00134
19.8649
28.0857
239.133
40.8624
50.9544
15.1761
58.0525
1.47643
0.285255
0.746559
7.23209
8.82398
20.0829
5.57873
1.70358
0.153304
7.15035
3.4397
0.251892
1.85126
1.07782
2.22293
0.761189
0.474012
0.640779
1.13849
4.17753
12.1599
0.830291
1.69363
2.29744
1.14672
4.69797
3.33444
8.53253
4.12858
17.3422
4.92537
6.16778
12.7659
4.85062
0.168068
0.936193
1.70096
3.05798
5.46832
1.7992
0.921657
1.93659
1.19055
1.22263
0.228215
2.12569
0.575548
3.94651
1.50274
150.149
203.886
36.4885
38.4922
10.9271
29.0843
14.047
2.84224
4.4065
5.91759
2.7191
2.2219
3.27365
1.75823
4.66012
0.531085
1.1462
1.50688
0.763411
3.29216
1.61536
3.06588
1.7716
9.95162
109.853
111.851
201.458
136.926
20.3219
156.374
6.42093
51.8904
3.89144
0.293213
1.85335
0.288723
3.95628
27.883
288.066
396.259
11.1881
6.11813
2.36353
2.45406
8.93379
1.99014
1.01721
314.77
0.286877
0.149708
4.07698
0.0119576
0.0459541
1.21354
0.515465
241.132
131.35
11.5869
10.0948
4.55403
5.20872
0.443782
1.72997
0.331948
0.866034
0.457546
0.497802
161.868
26.0418
166.275
16.7066
11.4818
36.4851
38.4085
48.0985
30.9902
6.78685
1.18634
0.480549
3.37299
0.298301
4.81302
7.71986
1.93716
1.78249
5.54197
2.6156
2.61092
0.721368
29.4026
1.36369
20.5521
58.8347
3.49739
4.71127
4.70037
5.74512
8.89071
44.5222
10.8086
0.7193
0.459805
115.394
509.597
6.70615
16.325
6.37398
3.05637
7.8913
4.48564
0.491218
2.46121
3.58744
0.610358
2.03944
0.981178
1.0497
0.739748
1.13078
3.8319
3.64857
6.05458
7.12405
2.58298
0.934502
13.2706
6.11889
4.70711
4.94717
6.09075
2.57938
8.96496
6.32919
0.202454
1.40902
2.21154
3.75699
0.425198
1.32289
10.2325
1.62858
0.385546
1.18189
0.506221
2.27485
35.3543
8.5153
3.90469
34.7045
1.34308
0.466474
0.932162
1.36491
1.84037
36.2296
43.8859
96.5947
1.56897
9.01104
0.654094
0.455289
12.031
0.74389
47.5275
61.4084
123.224
6.72866
28.8013
19.5078
0.457308
2.25268
0.75992
0.628892
2.4254
1.40541
2.23933
7.37411
698.314
207.986
86.1932
65.0359
21.3499
27.2298
14.195
1.62206
0.707702
0.639069
0.86575
0.584125
0.234535
2.29467
1.81913
2.35987
4.86413
0.691617
5.97945
2.75385
8.73856
113.428
435.322
465.287
55.8615
6.49504
17.2645
47.0888
3.59496
2.0242
1.96655
0.473309
1.55151
0.356661
0.988191
3.10357
0.777336
0.832612
1.1882
2.20266
0.274184
5.38781
11.5187
2.20658
6.13955
3.25016
3.21138
1.69775
2.20973
2.2651
1.08504
0.964067
71.2774
13.3753
0.91685
1.38603
1.01463
0.307829
1.62552
0.83606
3.56764
3.13943
0.79259
36.1985
17.6444
7.93645
3.51026
0.188212
0.654706
0.513548
0.502165
12.9268
126.674
2.04412
4.9137
132.25
0.847914
0.748261
7.51573
31.5454
1.50779
8.41664
4.92859
2.44456
0.470445
0.643112
7.41683
2.49233
2.27235
4.96295
8.29829
14.9782
28.1718
1.54513
23.5145
42.409
21.39
68.5201
108.479
10.6136
56.5715
17.3673
23.7327
28.8924
14.3344
40.7514
19.983
1.44516
4.11483
2.7328
36.7577
45.0606
0.467603
3.92113
0.709895
1.76799
1.49155
0.490535
1.71266
0.247178
0.424325
0.334002
8.26294
1.49987
213.396
54.0237
2.72958
0.872158
0.278072
3.03471
1.35717
16.4838
6.52364
2.97868
0.81161
1.97547
3.65898
26.474
96.3816
69.0449
8.39329
0.234938
3.00593
2.71917
0.949882
4.45314
3.78709
37.2122
14.2063
0.98934
6.81945
78.3238
120.489
25.7178
3.61995
7.63708
1.1873
2.72668
100.318
34.4633
3.25231
3.86278
3.50762
2.21101
1.06001
19.7122
2.7899
1.84226
5.01258
0.865656
39.1477
63.2277
0.968158
0.840497
1.10966
6.53887
17.4542
4.61916
41.6213
0.258667
0.470042
0.537117
0.382521
0.554009
1.25796
233.238
79.2797
328.153
1878.5
98.2898
7.58438
13.864
0.677158
0.756379
2.66152
1.29558
1.54197
2.2357
1.63554
5.45823
14.845
0.70044
0.763241
0.668231
3.44358
3.30791
2.30147
35.7293
4.79892
17.1198
3.2406
4.16951
0.801084
11.0935
16.1465
19.0185
6.99458
1.03914
3.98437
3.51718
5.362
2.48381
2.84778
1.69047
0.661349
1.84983
6.05087
15.0273
20.6446
0.766628
2.20228
0.652155
1.41926
0.924255
8.0361
1.44881
1.54208
0.994777
11.0793
114.913
7.48972
1.04025
7.21375
24.0259
4.47904
0.609284
4.8652
2.22023
1.03266
8.37887
0.2621
1.21599
0.966101
0.998914
1.24019
0.713939
1.82833
1.80647
1.00689
39.1717
213.059
22.6513
389.876
163.267
2.21837
5.9361
2.73278
0.409114
0.693529
5.93988
9.76205
1.22839
0.366327
1.93731
1.93101
0.395254
0.657354
0.380386
1.02507
0.31961
1.17777
0.176711
10.6408
3.99113
3.97975
1.45054
0.282405
1.4337
82.0669
19.817
2.28704
1.01372
4.9725
1.53103
2.88271
2.13178
1.25275
0.411202
11.4183
1.28101
2.93455
3.1039
0.434378
1.45398
0.392886
1.86911
1.73258
1.52026
25.003
1.73933
0.50037
0.740235
0.341646
0.554561
0.81662
1.1697
0.541159
1.4941
6.9871
108.59
47.2216
6.67844
2.06072
0.845897
0.936124
3.03381
6.06675
5.3217
1.52997
16.3732
35.5675
48.1093
48.1327
28.5987
1.04989
65.9394
26.1952
19.2496
2.27162
1.50683
2.7219
0.501903
0.0323879
0.196579
0.876065
1.26066
5.61322
1.74366
1.51182
5.29368
0.780648
5.50089
2.41567
29.7997
118.142
106.222
134.989
0.602688
6.76066
2.47676
3.83818
3.12188
1.42915
2.0759
0.333015
17.8946
4.55763
0.611625
0.177689
5.782
27.6568
17.7302
47.682
11.1907
40.4211
7.60377
2.93074
0.550888
2.62069
2.94387
43.085
27.1868
13.7627
83.8908
0.68012
0.514108
14.9375
5.89894
1.50595
2.25443
2.30892
18.6915
10.0277
1.73119
7.92396
4.07623
8.64364
11.0701
0.187143
1.20499
0.589176
1.10532
26.2691
24.4538
10.1188
1.53929
0.790338
23.242
0.945974
1.08603
10.3256
5.35028
23.8773
68.129
36.0142
4.71131
0.989358
0.393915
4.65857
12.0769
3.25313
2.5901
0.508832
1.03357
1.993
13.1257
28.2824
7.70093
2.37987
1.09785
14.8794
0.227335
0.43092
1.44806
5.60931
0.66251
3.85162
1.40074
0.19329
3.62857
0.939279
0.641441
7.30652
15.0238
1.50056
147.738
86.7015
55.0241
3.7968
0.546977
0.37933
6.97172
21.6326
49.114
40.4945
68.4203
49.6926
11.9032
17.9909
0.916002
0.391087
1.14536
0.352477
3.6763
1.03189
25.4555
64.4179
274.998
44.9082
45.7167
4.61973
28.3454
9.64901
0.864307
0.446502
0.591841
2.71724
0.27483
0.365678
1.44057
0.864926
114.724
231.091
450.357
128.065
1268.04
5.54491
1.4309
3.56808
3.7422
1.66122
1.72735
3.46629
108.164
5.31011
38.0501
3.209
27.1508
71.3351
29.974
1.59886
3.09673
14.5827
2.4115
0.937577
1.24013
5.57732
8.21676
4.29112
2.5998
1.76381
5.62107
19.1916
2.96659
4.78058
0.500688
1.3923
12.9705
8.48365
114.8
545.659
225.613
78.9123
1.42674
0.527424
0.345608
0.69148
1.36329
18.8857
5.4544
23.9221
5.93399
12.5098
19.5244
97.521
34.0893
3.14119
9.50692
0.320394
1.60094
0.679325
10.9364
5.46757
173.545
19.9345
49.8573
20.4477
9.5779
1.18928
8.26503
8.06231
117.456
13.3365
1.83363
2.6832
1.24715
0.637771
0.301205
2.6136
42.6216
1.59575
1.52603
22.1118
2.74034
3.46688
3.02703
26.9121
59.5212
10.84
15.2196
28.0961
8.54315
4.51439
0.762038
0.597402
1.29929
2.53601
0.627599
0.150948
0.77145
1.76032
1.57786
3.06471
0.269613
0.550732
0.362749
0.558839
0.316586
0.708094
0.801924
1.64908
1.1894
3.24455
30.2384
2.71532
30.681
0.319618
0.291063
70.9118
21.8986
115.689
0.375266
0.37364
35.1214
41.7928
0.36605
0.366303
0.363487
0.316993
1.10446
1.17358
152.388
19.5619
1.1154
0.503258
2.75798
7.47204
1.93916
2.24057
2.79084
12.7286
3.07036
3.09279
5.31293
4.29611
2.64119
22.018
17.5921
0.0428924
0.299383
61.0148
126.067
15.0739
24.0484
1.20645
57.3411
7.15562
4.20013
1.58844
7.09591
7.92686
0.967946
0.23139
11.6994
8.51373
11.0802
5.2088
3.44866
2.41744
35.4833
27.5665
0.656945
1.11198
4.63622
30.5804
3.35366
62.9213
38.3269
40.9699
40.6611
140.418
0.334904
0.734813
2.28837
6.83933
38.9159
3.45337
2.4556
1.53999
3.12986
9.53653
0.399758
0.65999
2.0024
1.99528
85.4586
254.792
2.70037
20.1151
12.1196
0.370414
303.53
18.4997
11.9332
0.483062
1.49246
7.16773
7.69743
51.0107
63.1073
97.1445
11.3006
77.5348
26.6222
7.26472
1.02356
0.627675
1.09669
0.526983
113.12
78.5284
319.323
11.0681
0.290152
0.652694
0.823177
0.207577
1.88168
11.5412
8.89021
26.9059
28.5484
43.828
91.6865
67.3009
4.64242
15.1101
37.1718
37.6419
0.681422
7.24148
3.03405
3.31072
4.84429
0.541483
9.06333
1.29816
64.4954
1.45819
9.64514
3.50071
2.75261
1.77185
2.23825
5.55264
7.01744
8.80029
34.887
0.201854
0.754503
2.64663
0.930305
1.82201
4.47421
25.2388
4.23503
35.408
1.25777
17.9144
22.7079
2.46859
0.60405
5.24842
5.95931
151.206
205.966
99.9533
52.9578
11.9139
14.6351
40.8618
2.27471
1.77831
3.40481
0.827078
1.29758
0.179623
1.79177
0.576857
1.01889
0.597277
0.870502
0.518559
0.48739
1.421
0.780355
1.43718
0.693614
5.2349
0.542702
24.9743
17.366
6.60359
6.38204
2.67942
1.38068
2.69905
6.93976
6.63279
5.4273
22.7476
13.4565
117.152
155.531
128.958
52.3841
91.8792
29.5235
0.917334
1.04209
2.46075
1.40497
1.67229
2.43867
155.789
4.5335
3.61567
5.32928
1.76564
1.54963
4.43487
2.34985
7.32873
3.02298
18.3484
1.34583
2.59736
1.2655
2.63546
11.7021
2.9
49.0592
64.1285
0.469851
0.31217
8.18458
0.665479
10.4172
13.3718
1.77644
0.528986
1.76659
2.52532
0.784738
1.43301
2.43619
0.770594
1.68431
2.41009
0.182046
0.156661
1.69782
0.613323
3.29968
0.478199
3.13408
3.05398
24.4878
116.599
1.18318
2.71544
3.89774
1.97334
15.6152
1.42781
1.74433
5.18736
0.903373
0.410747
1.91049
0.697306
2.50653
0.3917
2.3821
0.202425
1.51051
2.11967
0.830678
1.72637
5.3558
16.1132
0.540506
1.99128
8.1482
1.2044
33.8734
81.3234
0.239321
0.752585
20.4041
19.4897
1.84378
1.31928
0.733463
0.153952
4.07538
5.92642
28.0963
3.19554
1.03216
0.163013
0.485542
0.851816
9.62656
2.95282
13.9213
61.8632
26.6184
4.08826
0.900301
0.27644
137.726
16.233
4.7952
16.1199
107.388
121.15
51.7576
38.2216
24.9558
39.9086
68.299
2.47346
27.7401
5.43965
33.6204
1.60109
13.9022
39.3483
18.2698
4.82433
31.3979
21.9216
26.8558
20.1094
137.222
71.3052
1.37322
562.667
3.27401
5.90456
82.908
14.3269
185.856
0.732089
1.82941
2.02666
35.6473
10.8058
6.65749
23.9884
18.385
5.36943
3.72826
0.650271
2.67265
2.18796
25.6415
46.3174
19.423
0.958245
2.02157
1.77636
5.655
4.32046
0.78452
4.8103
3.45167
7.51193
1.24197
2.21305
2.99827
3.26553
16.9
1.13941
7.0331
45.4313
16.7427
6.29866
0.608377
0.48134
14.2211
0.267936
0.804458
6.3245
36.9039
0.344676
2.04114
0.404006
0.507453
0.466147
0.697196
0.321935
0.846603
4.96977
36.716
1.48137
5.18219
83.4601
57.4741
4.50719
7.65431
4.09686
1.8113
2.03374
0.647863
1.00458
2.5944
5.40843
8.45457
2.86743
1.76463
0.682722
0.698299
0.652739
1.80384
1.4071
0.971461
0.986609
3.53424
1.04505
4.50907
1.15334
13.5609
10.3721
24.9186
165.918
215.126
319.52
175.643
0.996984
5.87179
23.5491
27.1129
1.69115
105.874
84.7035
8.40781
12.416
54.6361
28.3018
36.4399
12.7993
15.8545
93.3413
7.10909
34.7071
1.25106
0.509757
0.604566
1.91957
0.398498
0.774054
1.70157
0.18883
0.377438
3.73166
1.16567
4.06937
0.512557
3.24421
5.79033
4.09744
8.36389
20.0101
75.4711
1.52345
1.01824
0.641482
19.9629
16.9758
41.0237
28.767
322.86
90.7795
15.2497
6.56444
4.98405
2.56907
1.28966
0.379949
0.48799
0.683425
4.46044
0.846686
0.378512
1.7
10.7742
0.496874
37.4032
24.8125
4.21224
0.733752
5.04254
0.572351
7.45563
7.2376
2.97011
1.33903
0.252727
2.19081
0.941806
0.772926
0.750076
0.649904
1.14838
3.66982
3.70969
0.463371
4.78002
4.3915
4.2445
2.7614
3.31695
6.30893
0.525549
7.33044
66.5945
77.8323
55.681
28.2332
78.3443
35.6815
64.8119
49.8945
2.44341
44.7285
7.73014
48.5418
19.7097
53.294
30.3352
38.5984
5.41967
38.7938
0.845768
3.26061
0.625727
2.14992
28.1125
0.7118
3.2752
0.892425
2.05243
1.08588
5.48752
8.38101
2.90214
58.5172
1.76829
0.294818
8.4409
5.45875
2.98088
1.32343
0.396737
0.222018
1.42037
0.303771
27.8258
4.22866
24.4722
8.15165
32.8424
93.3943
119.362
13.0518
29.7809
1.00472
2.91243
2.24626
0.441794
0.394482
3.97648
1.52311
3.14519
1.67684
0.614363
1.25035
0.593146
0.334951
0.456508
0.790202
2.29967
113.749
25.3342
226.894
39.5954
0.524341
2.24846
9.7142
4.68691
60.2554
14.9678
4.26718
0.874497
1.46503
4.69834
5.81866
2.5194
0.114028
2.85872
14.8932
42.2403
73.1246
63.9636
27.4703
30.2381
92.9451
61.4099
4.66353
13.0697
22.5156
2.4673
63.815
61.0956
82.0036
18.1265
0.470002
18.3584
1.87112
4.21304
5.5221
1.05818
0.927242
0.657983
1.94586
3.20667
4.65947
2.41458
6.83473
12.6329
6.07628
1.9419
0.760337
0.492556
2.85271
1.10338
0.475457
9.05788
6.89419
21.2652
115.42
112.296
19.8995
38.3908
65.1352
10.741
0.43596
55.4283
47.4487
113.728
786.099
150.05
58.463
1.95538
9.61777
14.4945
7.66909
3.43561
44.095
2.51204
0.266875
0.840523
0.919327
4.93607
17.418
28.9335
35.4081
88.1936
47.1388
15.7188
0.186679
1.06073
6.67494
3.38863
2.66212
0.983981
1.65256
1.95807
2.2711
2.10011
0.989198
87.0145
235.122
67.6398
15.2594
32.0614
21.3366
24.0124
3.24099
4.40618
2.17933
3.71992
0.349233
1.33329
0.833726
77.6123
2.6419
3.28448
8.33657
8.4974
1.59304
1.06903
0.617837
1.26594
1.10608
3.90644
1.98024
0.361126
0.948543
1.93184
5.3258
4.04526
1.92389
3.66342
5.30536
0.484887
6.10251
1.08017
0.741938
0.167821
0.366187
1.23848
0.888732
1.82704
11.779
12.1084
17.3463
18.5095
69.3492
18.0913
92.9082
241.067
1.22627
26.0692
139.554
70.6015
46.1349
90.2242
7.5124
11.4778
5.97532
1.40651
5.62207
0.87928
0.600251
0.594009
0.479717
3.4248
0.378477
1.43108
0.730074
0.713768
20.3354
136.065
151.264
20.8879
11.307
6.39445
4.28108
2.21525
0.25369
4.81752
0.581729
3.74712
2.64748
8.38611
3.53592
1.2187
16.9823
88.2357
2.11696
34.4022
3.93023
16.4949
2.3898
2.40973
0.808795
0.606055
6.41678
3.98155
2.63135
2.89875
0.289955
0.264779
0.297125
0.826147
0.401156
0.532748
1.50285
5.4828
0.715004
0.6859
0.900088
3.77366
0.392585
0.407706
18.3402
3.79897
16.8942
3.71831
2.96209
6.71534
3.70775
2.75751
11.4668
7.65081
3.43689
46.3066
43.8567
4.61147
0.316395
1.34014
0.429809
4.84201
4.83975
5.84769
1.06918
2.12198
10.3639
3.28997
224.317
67.8899
172.485
3.11599
3.03312
3.77443
1.24913
44.0372
0.680151
1.94008
10.4442
2.82665
0.285806
0.424895
14.4694
1.01716
0.170492
74.0776
84.4208
2.22531
0.464044
3.18784
41.4625
9.37993
40.0357
4.06215
9.32492
47.5355
35.8267
4.91541
15.7115
9.87245
6.33633
32.721
2.81078
31.5575
5.29608
25.6664
34.3838
260.743
31.4779
5.57125
0.629518
0.928737
462.399
2.48966
2.92773
1.42054
4.17643
0.805182
1.61156
1.72771
0.89447
0.297033
1.52879
19.162
11.1294
58.0807
69.774
102.818
112.969
340.849
13.4182
0.206672
1.17883
1.50201
20.9871
2.57494
1.0998
2.50832
1.29873
4.98582
3.56958
1.39095
0.426256
3.03465
1.4367
21.1082
11.1756
1.27394
5.1105
5.77335
1.23968
21.4495
18.8932
25.8472
17.4242
6.65846
5.4399
59.3645
25.8332
20.0869
12.6763
5.28029
13.6769
30.6439
175.327
34.4889
24.6072
45.8864
8.90628
0.863999
0.313033
5.29375
9.68311
30.468
1.34791
1.4971
1.16081
2.49377
0.815615
76.0925
125.667
2.52776
6.39209
5.76338
1.59861
3.62616
1.78863
1.65636
0.309939
1.12515
0.611589
1.23011
0.225056
0.279503
0.667569
1.83341
0.652704
0.401494
0.466171
2.69429
0.833082
0.331527
0.259974
4.11863
1.14254
0.512055
0.517707
0.966162
94.8484
79.0833
41.3349
56.5691
23.0046
2.08879
7.4595
7.52801
3.07218
0.232255
3.38483
1.81862
1.38709
16.2669
1.65058
1.17537
1.68379
0.759844
1.73732
0.404291
0.952199
0.393072
2.35574
2.48008
0.47946
1.20305
0.636049
0.242347
4.59566
7.91439
2.24018
6.97361
1.66165
5.19145
2.82581
1.20674
3.34829
1.08165
2.10502
3.30161
24.6515
6.32921
20.6573
54.4649
3.23149
2.22874
0.208607
3.80092
5.96875
30.3456
1.46177
871.44
140.692
100.787
31.7722
10.0277
3.03002
3.50163
14.9653
4.13638
5.39216
4.30936
10.064
17.882
27.1341
35.9725
56.8458
19.6598
27.4963
2.99169
2.52908
9.95648
59.3612
32.2006
44.8938
75.0701
9.34259
11.4884
1.95926
0.340034
0.381527
0.159069
76.1294
29.5415
15.2051
11.6014
7.76288
61.461
82.4868
40.0144
3.8303
0.315141
0.417306
0.966379
0.803408
0.599469
0.616178
0.992085
0.879107
0.15427
0.656372
3.07254
2.01203
6.08444
4.60005
3.6943
5.5707
0.966133
17.6197
4.58368
1.38424
5.47382
0.703242
14.7399
8.43939
35.0749
11.8643
36.6714
30.6061
0.224267
0.346265
2.28702
0.580554
0.313667
0.804808
0.466429
0.381675
0.274492
0.251934
7.16963
3.14234
0.340003
1.03427
0.168305
0.511152
0.851259
0.403632
1.02474
1.50417
6.96777
7.52942
0.279421
1.30805
0.296988
0.170105
1.2255
0.0198248
0.0970941
2.13771
0.807378
9.10365
10.3833
6.99353
0.36697
0.200832
9.77223
17.4891
2.90313
0.974952
2.92197
4.87552
71.0072
91.6369
485.886
289.578
5.35805
14.7883
1.31605
5.4379
3.22868
7.63425
0.415228
5.93024
7.40597
31.307
3.72872
0.30454
1.88403
0.932287
21.0556
3.80628
24.9608
19.4912
150.855
441.178
3.41791
2.5652
2.79141
0.393232
0.769239
1.06238
0.353187
2.05688
9.55107
1.07255
19.2772
3.7214
11.0191
1.01282
203.189
434.201
35.7468
63.4126
4.29758
5.85802
2.48367
0.569127
0.730743
2.81286
1.01997
9.13009
13.8769
433.712
406.582
197.885
61.0739
23.9445
22.9301
11.8169
2.63219
12.9079
66.4308
3.87309
11.2206
0.50114
7.27531
2.25682
3.67124
0.949725
0.359194
0.78823
10.3009
11.1405
5.83122
0.502935
3.88978
0.776989
4.11289
7.16982
2.03562
0.983894
0.951979
0.335991
1.92197
2.50077
1.85724
0.39634
1.14891
0.839428
4.57222
1.05209
2.79646
1.24681
6.36355
9.20856
10.7264
2.96153
87.2343
13.8556
1.25679
5.89484
5.27365
4.6176
2.25223
0.740797
0.911098
1.07914
5.92125
34.358
21.6652
33.3309
15.8502
6.29927
124.887
58.756
46.5895
7.15056
5.50796
1.80632
3.28929
0.185365
22.6766
8.13655
279.108
362.213
54.9363
323.514
0.319856
1.64781
1.12723
1.48957
26.2113
7.97304
70.5533
6.18098
2.73846
3.08198
8.40967
48.3935
0.431132
0.245932
0.358447
0.451776
3.47431
4.63195
0.586754
0.501637
10.2033
10.1578
1.38404
2.91102
0.740493
0.241226
128.458
55.2656
4.4365
32.6512
20.5051
52.1074
6.56185
2.10845
1.67128
0.902206
0.545341
2.99194
56.9085
9.81692
1.84348
5.32283
3.72353
18.5535
0.998528
1.13594
2.17096
1.21364
1.6542
2.1881
0.146349
0.306878
0.63314
2.86362
0.388341
0.10139
1.44072
9.39873
8.31596
2.19837
8.13899
2.3846
18.5267
5.07611
2.645
9.26532
289.821
188.48
1216.62
7.87331
1.38211
39.6454
664.628
25.2137
4.24544
5.63596
2.54133
1.10893
0.156529
18.9988
11.7949
5.53949
15.7936
193.42
70.4708
90.7586
6.53102
6.48321
8.5672
0.834766
12.671
1.80145
2.76611
2.68622
3.03136
0.489962
2.04956
0.389825
0.725798
1.50158
2.04784
6.25635
0.305352
9.55745
16.9933
7.05915
10.9028
14.9222
4.35227
18.8754
9.43699
0.224964
0.612354
0.893681
15.7731
1.37443
16.4699
1484.03
48.7614
0.963326
206.467
8.76518
149.812
11.6295
3.16107
5.86077
33.4207
32.1166
52.7336
78.7105
52.6107
77.1832
2.97803
36.6218
2.12737
5.52776
1.75708
1.30622
1.08233
0.56543
2.30916
0.473188
0.633906
4.85662
4.07266
14.1215
9.89529
8.09039
107.151
329.624
45.5587
10.9748
19.7288
1.67313
0.61412
2.0338
20.433
124.826
40.4429
35.9164
2.48059
11.4757
0.410383
0.390295
0.294078
0.867222
0.459573
0.481156
6.62527
3.01988
3.12881
0.821014
12.3389
1.71162
2.63244
4.04438
0.416115
2.73772
0.642871
0.666469
0.551026
0.26014
0.163838
0.512093
0.455368
2.31755
1.73647
0.639591
1.49954
0.932767
2.24468
7.1445
2.83432
0.544604
6.82977
9.21175
6.41052
8.43831
284.225
4.79648
17.5833
14.9547
16.9589
5.63758
84.5068
85.2169
33.2369
28.265
16.3902
