3.23941
3.08174
1.64599
2.11804
1.94995
1.34984
2.64005
2.38278
3.14606
2.73357
3.87669
3.74543
1.01144
1.19538
2.86592
3.13933
2.69112
2.915
0.586462
2.59721
2.72925
2.49349
1.50724
2.73672
0.98728
2.15856
2.94857
1.95125
1.57585
1.53759
1.27455
2.47084
2.80085
2.69094
1.5266
1.28398
2.48315
3.29624
2.40204
2.45964
1.82068
2.31157
2.02445
2.50204
1.37804
2.13502
2.70618
3.43437
1.55072
1.60635
4.70609
1.88838
2.08828
2.59527
0.769284
3.88466
3.65741
2.71924
3.04942
2.3189
1.40073
2.60644
2.20596
2.43665
2.41488
3.62228
1.75135
3.30383
2.1544
2.4757
2.48043
3.2647
3.16892
2.37953
2.20297
2.38986
1.91834
2.74487
1.02043
2.31991
2.36125
3.15112
3.34472
0.963578
2.8265
1.48397
3.13944
3.37231
2.50577
1.66097
0.54658
1.98302
2.10929
1.75922
2.60792
3.03614
0.493976
2.43851
3.8272
1.04931
2.28564
2.73938
3.19514
3.10643
2.51551
2.42022
2.86525
3.56223
4.6292
2.27659
3.21721
2.41409
1.88124
2.82848
1.11087
3.34823
1.86825
2.07926
4.11074
2.95085
1.53209
2.61661
2.63508
3.71552
3.98449
2.62496
3.28925
0.902641
2.962
0.736838
2.86177
0.837894
2.45423
0.488196
2.06197
3.20492
1.0307
2.68494
2.67274
1.62858
2.70652
3.43775
2.87743
1.43591
1.64601
1.14711
2.26382
2.51593
2.36692
1.69143
2.68033
2.73098
2.34597
3.35912
5.32242
1.7931
0.499387
1.16315
2.00285
1.68888
3.57726
1.3207
3.1761
1.93995
1.51729
4.00056
2.33691
2.33882
3.00642
2.5066
2.7782
3.53178
3.47978
4.89194
5.64046
5.50998
2.12834
0.711277
1.43633
2.71613
1.11958
2.71475
2.5849
1.64584
1.73929
