0.350463
0.0231855
0.00184625
12.631
33.0514
7.88126
12.0521
4.60216
2.30624
12.7405
2.35989
8.13229
1.01891
1.42328
11.0654
7.67739
0.348206
0.247401
0.242588
0.444552
0.767024
0.474035
0.235674
0.450608
24.3334
3.47594
1.16935
0.07032
1.06757
7.21281
2.8047
0.525755
3.67907
0.171301
0.044261
1.79494
0.0210739
0.334627
0.120248
0.921503
0.0274405
0.633091
11.9007
3.16764
3.60873
0.226787
0.570996
0.703166
1.12971
0.828047
2.65849
0.576848
0.432114
0.385421
1.83965
0.376447
1.08242
4.56241
0.548604
0.15154
2.41989
2.75563
0.100264
0.1261
0.994531
0.171424
2.60683
25.5077
6.10507
5.95864
6.20265
2.34145
0.104793
8.12196
2.37114
1.06862
1.70277
5.7805
0.384296
4.34564
3.70962
0.886414
6.65686
120.128
1.5924
4.22664
0.291613
2.2908
0.127037
0.070403
1.01785
0.859931
0.0099979
0.724417
3.43005
0.839583
0.204932
1.35818
0.946724
0.148132
155.114
39.48
65.0884
57.4843
3.0883
1.52576
7.34192
6.4355
33.0196
25.0695
23.5419
43.2672
6.13744
19.7412
12.7203
6.76833
1.14917
9.39562
11.0241
38.875
0.494813
5.34575
5.06653
0.305148
1.9646
1.82928
0.666916
0.276314
0.0513577
0.197116
7.35372
7.74802
0.874449
6.22637
67.8808
2.91514
0.053431
1.4787
0.0281927
2.34423
0.0438576
0.527386
0.13367
0.142716
3.332
4.02079
8.04836
31.5752
1.95822
13.8443
74.6554
19.3758
0.911291
0.54084
0.5374
3.90862
0.438059
0.497533
0.553097
1.45462
4.40785
3.54718
50.2978
13.8668
21.7005
3.69989
77.3178
27.2157
36.7638
18.6296
27.9794
20.8947
0.212148
17.1456
16.6875
3.31558
3.30131
1.14369
2.36962
0.499724
0.946249
0.537564
14.4503
86.2035
0.399153
16.4652
11.4228
3.69386
0.199124
0.0370711
2.9185
0.974812
1.04367
1.44517
1.02855
0.479059
0.658072
2.8004
3.06969
0.760138
0.456203
5.54866
0.144246
0.122057
0.157514
0.223141
0.174379
0.211489
0.531183
0.972354
0.216497
0.132194
0.579993
0.240641
0.388887
0.41659
0.699404
0.0482523
1.10201
0.114692
0.203824
6.55347
10.4682
0.168646
0.391185
2.62059
2.46183
0.936967
0.73888
0.0288487
0.388401
2.78304
0.593391
0.297037
0.55511
0.122001
1.56221
2.15401
1.44408
5.0024
0.872861
2.18068
2.28084
3.90842
1.10299
3.09709
3.48358
1.47363
1.14063
1.7766
1.91672
0.197942
0.324707
0.665157
0.0708803
0.0748515
0.738021
0.155844
0.0310329
5.69241
0.23953
0.0750187
0.0688189
0.622381
3.31407
0.183153
0.910108
2.03234
0.744418
1.14767
1.51365
0.517716
2.0693
0.802117
0.687187
16.1666
5.8771
32.9634
2.29374
0.241705
0.0282293
3.71834
3.07219
14.5462
0.076938
0.0921104
2.19301
2.0309
0.0220997
9.14453
31.7238
17.3051
0.498791
13.8734
102.1
710.947
186.504
11.3308
13.3513
7.81252
22.2232
0.182936
0.0425564
1.0433
0.328453
0.623836
0.213395
0.110749
0.614959
0.0946893
0.0773303
0.464184
7.0913
2.24156
0.766077
0.958105
1.04895
0.238367
0.268716
0.583282
0.212392
0.729935
6.0973
0.614143
0.0536751
0.377377
0.026603
1.23966
1.7277
0.0491188
1.65341
3.41069
0.592139
1.30699
0.449528
0.288164
0.112675
0.469987
0.36081
1.08558
0.0621671
2.85181
0.559938
0.858493
4.67358
0.998988
2.52797
3.40669
0.347998
1.46173
1.56585
0.750862
2.22698
1.13225
0.27677
0.504467
0.186452
0.229742
1.5105
0.362601
3.92453
0.805824
2.66906
0.0739846
2.34201
8.55733
9.69036
6.05781
0.0943144
0.0518816
0.0433426
0.282261
0.388039
0.255203
0.125319
0.0447554
0.442451
0.888808
0.999865
0.338116
0.249725
0.157301
0.0163624
0.29471
1.04656
0.209696
0.145591
0.272493
0.229885
1.6976
0.0907437
0.0718806
0.430655
1.35158
0.175513
0.0550191
1.21455
1.11805
0.689816
0.20429
0.678012
0.503407
0.858664
85.2533
0.788848
0.800915
0.23912
0.112323
0.322941
0.240074
0.552183
1.20728
0.400383
0.0806291
0.348899
0.172431
0.430059
0.608088
1.08195
0.432225
0.970356
0.0923065
0.30718
0.0350939
0.435704
78.1268
100.997
102.049
28.2282
12.6248
0.497434
0.859122
29.3841
27.9522
3.95743
7.19658
5.3072
0.164085
0.399289
1.83808
0.61508
5.45201
0.04602
1.00261
0.965485
3.93368
0.439951
0.362212
0.205097
0.67375
0.0984889
1.90247
0.667319
1.06246
2.70065
0.658136
1.09722
0.463528
0.0679598
1.20115
0.228833
1.09523
0.48894
14.5997
10.2658
1.48845
1.26834
1.42311
0.495041
0.307788
2.23269
2.69438
5.14467
0.0662408
0.114084
0.127588
0.75628
2.75524
0.0482375
0.884013
1.92282
0.386869
0.0371837
2.17894
0.636079
6.43514
1.93228
3.8904
0.505121
0.976369
0.811607
0.428024
0.146274
0.510005
0.276617
0.698895
0.485425
1.11593
0.766811
28.2384
19.4007
3.45438
0.328999
1.42356
3.63061
0.569892
0.149734
0.607469
0.33789
1.34153
0.158075
0.617115
0.217865
1.50653
2.47429
7.5675
3.433
2.35801
6.74953
5.08467
0.522967
5.26931
2.11972
0.834832
0.179898
0.232633
0.76765
1.04252
2.63764
1.80778
1.55332
0.312268
0.475741
2.53578
5.59964
1.10151
0.166283
0.201959
4.97872
26.2096
10.1289
24.0258
3.01883
0.306717
1.75714
3.81843
1.3002
0.482518
65.491
5.33049
0.0746321
0.0619103
0.246781
0.0388952
0.401637
53.1154
0.972593
0.37325
3.06292
2.65449
1.03679
1.76377
0.0318336
0.284388
0.21282
0.0389262
0.238102
0.199608
0.219866
2.56119
1.83345
20.7671
4.53743
0.327808
5.96993
0.921705
1.45054
0.326768
0.215561
0.0618567
0.0462862
0.232913
1.67073
0.325634
0.0839293
0.606661
12.2632
9.35031
19.5239
27.0326
13.5599
4.1903
21.3777
3.22178
25.948
2.31742
0.0481308
0.018847
1.698
7.49946
0.169752
2.39377
3.43172
7.59695
0.665977
0.0484198
1.58226
0.184292
0.511
65.4858
33.7724
5.74799
0.879958
8.54414
0.838448
11.8077
8.55405
7.58888
4.44
1.32713
0.946678
0.849093
0.0798563
1.61159
0.535275
3.30382
0.677103
1.23988
4.25846
0.89365
3.19302
0.357607
0.185192
0.910051
0.64457
9.78043
2.4241
0.31386
0.964206
9.43541
12.8979
23.5895
80.8063
17.0742
6.98127
33.3103
0.360498
0.384939
6.02958
38.194
94.8845
1.37431
8.45506
7.08479
17.3573
0.700023
0.216302
1.31745
0.749529
12.8932
0.987641
2.06174
46.2794
16.5092
18.7706
11.0883
25.6398
1.39693
1.2485
1.77386
0.0876454
0.183145
1.4901
0.142945
3.02158
4.80295
19.0641
2.33514
0.828563
0.280111
0.220355
0.241249
2.10775
2.64243
9.02357
2.74839
2.74773
0.530295
0.23718
2.07712
0.0400009
0.404924
0.926925
1.46427
0.369066
1.73552
0.0344739
0.280705
0.0875354
1.22695
0.0449003
0.156127
0.296689
0.549904
0.492282
0.166876
3.57924
3.44449
1.24165
7.82865
6.68318
5.57365
1.57903
3.8916
0.186358
0.203682
0.524307
17.11
6.59921
1.59549
16.2523
5.89683
0.290737
1.22586
1.41931
0.41832
0.342729
0.452935
4.81226
174.296
13.7014
76.2952
5.66087
7.46341
11.1491
1.0603
2.01105
0.196639
0.333729
0.349452
0.14003
0.157158
0.108363
0.228546
0.212256
0.0679333
0.190591
0.200135
0.197112
30.5355
20.4378
0.748437
0.0598963
4.70246
6.25866
7.5436
41.0562
5.37514
27.3614
41.4624
11.7043
4.82651
0.462835
0.24818
0.29763
2.73354
8.85794
2.93653
0.28556
0.114555
0.0440418
0.175264
12.3538
1.83506
1.0483
4.28918
0.945179
14.6961
0.467489
0.0650235
0.869316
2.77685
3.821
2.06543
0.0458079
2.43751
0.0768436
4.29009
21.1423
1.18855
27.1954
0.797669
0.603794
0.17218
3.62546
0.758963
2.46882
9.31353
19.7525
0.0783084
6.71047
3.73987
3.55249
3.09594
9.73783
6.44994
31.7559
29.8164
1.48158
2.25922
2.7024
2.00161
8.0218
14.07
0.00583136
9.80815
0.0875938
0.929845
0.597912
0.238437
4.07127
4.64672
3.02183
6.42984
156.545
89.6597
3.97203
2.64562
0.531122
0.0769745
2.24941
3.45662
0.927643
1.0915
0.087449
0.288923
10.8657
0.0942886
0.320234
15.4023
18.8773
51.1323
19.6595
3.74069
0.95754
0.687602
1.16856
3.92573
0.901753
0.553661
61.0616
63.7301
53.8314
43.7981
0.810139
1.92536
0.24263
1.22976
0.222803
0.0416332
1.50871
1.45004
2.04415
1.10694
0.233231
4.21769
1.1205
0.725648
4.64514
0.491477
72.1739
105.621
0.495768
0.175344
0.55698
3.40092
0.0492497
2.15564
1.43778
1.05151
0.833976
1.72835
253.672
265.592
5.59571
25.2774
0.735352
22.6261
0.237893
1.0892
0.650541
0.506403
0.104373
0.0610109
1.06129
2.82053
56.0263
116.924
51.7939
69.3484
40.8707
5.88776
3.37261
1.49645
0.179585
0.193363
1.04525
0.071258
0.325832
0.185582
0.134357
0.195136
4.59368
2.8616
1.92323
7.67482
4.68547
23.252
0.463724
0.639229
2.90176
6.06525
2.60028
3.40186
0.453429
0.780014
0.027735
1.37255
4.1158
1.0031
0.652074
1.31591
3.07818
7.93378
5.73025
0.983476
8.62914
2.80526
5.83982
2.31291
2.18196
0.716327
0.484044
0.402597
2.25412
0.102711
16.6116
5.6605
2.8276
2.77394
1.23252
1.87963
5.61564
0.114677
3.70704
0.974329
0.0838816
0.172553
0.0949619
1.97909
0.817562
0.447536
0.139798
0.898437
0.227702
0.125962
6.90815
1.6526
25.4794
1.22555
1.44563
0.41287
1.11487
0.513139
2.25551
2.87042
0.954835
1.41023
1.40043
1.30906
0.513996
0.609656
0.874027
0.111257
0.371069
0.695114
1.05726
0.171867
0.0651229
3.27381
0.584352
0.0900523
4.1268
0.178792
0.206259
0.367918
1.22121
0.29297
2.58427
12.9887
1.50908
1.65817
2.99755
1.29126
0.18486
1.17176
0.62419
0.686752
0.587214
0.256105
1.05083
0.958404
0.357435
0.322376
14.0559
2.73259
0.217563
0.323539
0.236005
1.16235
0.987491
19.015
53.8315
16.6604
10.9043
1.57759
1.22487
33.2038
0.596688
0.791177
0.110019
0.142465
1.46282
3.11271
1.84112
3.77976
4.73722
2.55169
164.89
1.13095
7.76342
11.5325
3.3305
291.929
6.23513
0.141465
0.542232
5.7824
5.49564
0.158852
0.302996
0.372051
0.0311471
0.427511
0.370857
0.0986841
0.121345
0.327743
0.524702
1.01775
2.90964
0.74697
1.20097
5.70662
8.81028
1.64155
4.40069
0.0789714
0.501877
7.44542
2.05834
2.01569
0.77496
0.362311
0.295027
6.42769
0.54455
12.6277
50.0404
1.13874
0.322529
2.46993
0.899555
0.45942
0.0737626
0.580469
0.240902
17.2961
6.58734
0.746369
18.2864
0.312321
0.0515042
1.19192
1.13324
19.0881
3.05705
0.278865
21.4639
0.31786
0.109872
5.8189
2.509
2.43695
0.253409
0.211917
0.348942
0.628195
0.161289
0.0745734
0.249107
0.229592
0.585738
0.0546123
0.0850884
0.153556
0.325447
1.04762
0.356828
0.945314
1.44539
124.804
119.442
1.30158
13.9342
4.45315
33.9757
7.42122
5.93914
6.22717
9.57611
101.681
205.369
0.465832
0.302609
0.843101
0.343779
0.0937813
0.23033
25.2362
25.1947
17.0525
33.3985
82.6981
42.3242
57.1161
41.3407
0.894371
0.905213
0.513468
0.423626
0.753752
0.395862
0.0975799
0.0758007
14.1292
13.5723
0.198308
0.159249
1.47755
2.64556
0.600653
1.30668
1.2351
0.425629
0.563187
0.245568
0.476711
1.21073
0.781234
3.39586
1.18385
1.25996
0.0396745
1.21797
0.288765
0.500568
0.363451
0.392964
2.84558
0.0787412
1.65774
2.4142
0.625471
0.117499
1.95998
4.54299
9.48681
4.65821
3.79159
0.124371
0.353617
0.17947
4.68215
3.65875
21.5247
48.1495
3.94912
0.148509
0.122357
17.4696
41.9277
10.5566
199.304
0.0506008
0.0731739
0.63429
0.373165
3.32151
35.2408
5.84656
31.733
33.8606
12.942
2.83714
2.21473
0.0409179
1.24856
0.757395
0.334926
0.120748
0.569092
0.218029
15.334
156.272
12.812
0.448023
0.14056
1.80154
6.167
0.0838424
0.130764
0.144227
0.0338559
19.8114
13.8461
11.028
1.86937
0.573767
0.745284
10.3031
7.96913
1.80809
0.0206292
0.569429
3.50878
0.569968
1.41033
0.806836
0.306546
0.569756
0.264406
0.473944
0.432856
43.4934
80.8083
0.0710301
0.200968
1.6838
1.17957
10.1501
11.1799
2.61162
0.415504
2.05025
1.74873
27.6484
5.53566
0.434327
7.07265
1.47851
8.81689
18.4108
0.21824
0.00320842
1.49414
0.31398
0.378678
0.214504
0.196141
0.668249
4.74092
12.6524
7.11539
1.82238
4.30338
0.498258
26.9769
18.9853
65.3247
0.222348
0.561662
0.56808
6.28432
20.9017
0.994842
198.968
24.9527
75.8114
43.658
134.39
78.704
3.19432
0.982129
35.2992
9.60136
10.6129
35.379
0.434026
0.149318
0.461439
2.51418
4.188
0.642066
0.444215
0.525277
1.54114
1.19247
6.0384
6.80777
0.0174924
0.694313
32.6991
1.09234
0.573516
0.374739
0.660483
1.44252
0.407892
0.290789
0.49141
0.0892529
0.17005
0.209173
0.214838
2.1466
0.734514
0.0612291
0.448759
12.8237
0.571889
0.0501439
0.567698
0.0974833
0.100159
0.000123498
0.112849
0.304438
0.323103
67.5063
51.1635
0.660471
0.134168
0.407389
0.897437
4.89818
0.452386
0.14514
0.323599
0.385875
2.09455
0.136633
2.03242
0.474914
3.41304
2.08009
0.572854
1.19661
1.5204
0.111244
0.845451
18.1246
19.2981
8.94014
5.40126
105.146
123.059
93.11
50.3595
5.97084
2.90746
0.836148
0.669046
0.187621
1.01506
0.178506
0.282703
2.70409
5.627
0.468516
0.336197
1.78931
0.190601
0.247487
0.150713
0.0487245
0.175992
5.02443
0.345439
23.1874
0.606375
1.00846
0.549155
43.3042
4.16551
57.3521
13.5163
10.1314
14.9783
1.52748
3.1261
2.6999
9.79408
0.082346
0.34143
0.423854
1.43481
0.428726
0.128318
0.382455
0.0404931
0.241296
0.0995067
0.355028
1.25092
0.08356
0.439792
1.064
6.64528
11.1923
0.178428
0.82773
0.101025
0.258285
43.6557
46.3323
104.431
48.1747
0.129012
1.53942
0.405834
0.0441866
0.217457
0.0889126
1.3591
0.0671467
0.0619447
0.296801
0.223162
2.30139
5.91955
1.42687
0.243931
0.379333
0.531097
0.0429045
35.4213
11.6862
21.7837
39.3806
87.4002
71.3449
0.813891
0.223265
0.273978
4.24327
305.086
25.4528
4.77458
4.11555
103.765
7.01194
39.8607
31.5168
0.794198
0.981843
0.196167
0.133708
0.981975
1.89991
2.679
2.77629
0.107131
0.127641
0.0937049
0.0713408
0.172847
0.0706718
0.266782
0.1171
2.13017
0.210773
0.292958
6.01352
9.31011
12.5656
64.7594
1.44107
2.82836
4.02924
4.18105
2.39238
0.0432636
0.949717
0.631649
0.283727
0.057023
0.325682
0.25833
0.180144
0.307156
0.064128
0.215098
0.645386
0.653718
0.357183
0.310675
0.647392
0.104764
0.0587083
40.3928
17.6886
2.44706
3.72723
2.21362
1.16116
0.904178
1.73273
0.104032
2.56011
1.46693
11.1298
13.6657
0.45531
101.477
10.1333
14.062
0.601346
0.243826
2.46594
15.6395
0.0788378
0.124498
1.09032
1.82144
1.28059
0.106543
0.491063
0.483522
0.0560383
0.086782
26.1433
1.39777
22.7369
8.37839
6.48365
6.49099
0.412647
0.143654
3.14365
1.49584
1.99504
0.462621
27.5145
7.0991
2.09099
0.850331
1.02911
0.28788
29.9174
0.055785
0.515235
0.73236
3.24282
0.195412
11.5227
0.831667
2.92769
3.58194
5.59209
6.28386
3.29193
0.482337
0.231138
0.152009
1.44778
2.31472
1.1234
7.08653
0.384852
4.41881
0.097842
0.817494
0.328952
1.32289
1.09915
0.399452
0.166204
4.01428
2.40873
1.01212
5.7884
1.01388
1.85216
33.33
92.2414
35.2627
11.6874
9.81213
20.2104
5.90128
12.6378
3.9284
6.86242
10.0216
14.1659
3.16648
1.19273
8.08301
40.6932
74.7231
49.8969
10.353
9.54544
25.2949
1.40469
1.68589
0.330166
1.20512
1.96939
1.34159
0.304235
1.29456
1.05069
4.97121
1.88425
1.01305
2.8547
0.177414
0.714152
0.0310804
0.149598
5.27518
1.55783
0.194477
0.243394
0.380343
1.93442
0.781565
2.88465
0.460811
0.718819
19.5363
46.3046
3.84889
1.63497
0.200489
0.159961
10.5138
1.57449
19.8508
4.1908
27.6551
51.6921
116.286
26.2618
1.48483
0.58757
2.29392
0.64285
1.81789
3.61357
3.40236
2.13742
20.1427
0.80216
172.761
104.553
0.427267
21.6993
0.380753
0.507318
25.6949
0.0259189
12.4809
1.48108
71.9378
1.16809
24.557
7.18058
2.76621
2.63196
2.19107
0.0262535
0.398248
0.808798
3.53019
0.0583181
4.18828
3.25828
2.23233
1.75356
8.34396
1.17477
2.94151
2.37888
0.379422
0.275769
0.306113
0.208936
0.282118
1.67501
0.0392702
0.806632
0.266832
0.707276
0.805019
1.11865
0.793156
0.377658
5.56396
0.0528782
0.11517
0.407485
0.00992994
0.537643
0.230833
0.0233648
0.119763
1.56741
6.63434
7.14179
0.0550904
0.339324
5.3414
0.718117
8.85213
18.4966
0.192798
0.232139
1.29623
2.01133
4.72257
0.395609
2.81326
0.299572
2.48524
0.345865
0.102874
1.6645
1.03939
0.372718
2.03308
0.975104
1.26394
0.749923
1.67964
5.32518
3.66196
0.628879
0.0287501
0.847194
0.324798
1.09632
0.9704
0.176804
0.282916
0.721194
0.0257054
0.255359
0.447409
5.3073
1.79896
0.226141
0.97723
4.10108
103.569
59.6937
9.53944
3.89731
3.29163
1.01656
0.304894
22.8526
3.41825
3.49487
2.63619
0.204302
0.224364
0.495585
0.299088
1.00536
2.77972
0.739402
0.905267
5.9129
54.6783
18.3332
3.82777
0.238019
0.443971
2.8835
5.06967
1.18508
0.453628
5.35057
0.329533
1.20167
1.65991
0.954855
0.395006
0.444747
81.8696
126.725
2.54234
2.37475
0.107233
0.21789
19.152
1.8345
3.12482
0.0687312
0.0626252
20.4527
10.9993
1.1723
0.780987
1.32025
0.181201
0.360358
0.123168
0.0787994
0.0516046
2.67081
5.77465
8.4867
21.4434
33.4207
0.205033
0.875516
1.157
3.2042
5.63613
8.78214
0.129279
1.12158
1.16406
0.623603
0.244862
0.238173
2.69698
33.565
0.218351
0.0501991
0.202581
3.12422
0.0456172
0.236882
0.136813
0.378835
0.128826
2.8411
8.92961
12.6044
2.88807
14.9986
0.351013
0.315173
7.92192
28.8059
1.40638
1.61446
2.31456
2.05976
0.14863
0.766223
0.0336289
0.201342
0.428854
0.286535
0.0780439
0.358518
6.23248
2.20674
1.54302
1.62075
12.4804
37.1123
12.7389
0.773955
0.0203638
0.310952
1.40377
0.182401
7.69478
0.0339106
0.323153
0.179574
7.84272
20.6167
7.93993
0.719125
0.391669
9.00617
2.06863
1.15566
0.155913
0.357986
5.57551
0.985162
0.597464
0.19801
1.57398
0.653694
0.988131
13.7913
0.035846
0.169007
2.3609
6.18209
2.82991
2.16711
5.59471
4.61721
4.51677
6.29575
0.0615969
0.350359
2.22001
0.2528
0.682064
1.46817
0.487542
0.306769
1.41968
1.0258
0.12369
0.297746
0.0641704
0.378762
0.644273
0.498478
21.3757
153.511
0.541785
0.435331
1.89197
4.52012
1.56925
3.2968
1.30726
6.75
1.23586
2.71298
0.46397
0.139628
0.123937
0.299786
0.259599
0.0739644
3.45986
8.17909
2.70551
0.290873
0.0708018
0.584192
0.33908
0.458242
0.88537
13.7776
1.65899
1.46933
0.965753
0.330148
0.202875
0.167526
0.211627
0.150198
17.3236
0.839986
2.80551
3.18641
12.8329
4.88708
3.59147
3.43808
3.2505
8.54693
0.872355
0.0788752
0.275013
33.4315
201.121
6.29867
3.85617
11.1548
21.7005
38.8168
4.41682
1.70311
15.2402
2.2339
13.6544
22.5211
4.96177
1.18966
0.780564
4.09277
2.28486
18.5876
2.36593
51.1785
5.0444
7.94393
2.44192
7.63734
21.277
12.3903
0.744852
50.3917
3.50097
6.43912
4.54178
14.643
5.07931
5.19059
5.33925
13.7904
13.9931
17.7496
0.184887
0.0788697
0.244518
0.273018
0.46388
0.384987
2.22099
0.286127
48.1468
71.7703
0.446119
43.6553
0.311387
0.0198738
5.52495
6.24025
32.3725
39.5396
1.59485
7.04917
0.581944
0.36377
0.243983
0.174551
0.134148
0.376058
1.09874
0.991262
0.432132
0.251574
0.0541943
0.742874
0.724283
0.695934
4.91518
31.5927
0.292137
0.272215
0.125492
0.222097
0.683285
0.446045
0.282179
0.424694
0.305388
0.247705
0.103313
0.789858
0.321861
0.152385
1.48026
0.0417861
0.279545
4.00281
21.0339
4.98087
1.08001
1.59813
3.7557
0.655052
0.810724
8.10832
61.6638
30.2976
12.4944
1.67299
0.0954932
0.0503189
0.319843
0.367158
0.325194
0.68648
1.37742
0.648355
1.93814
0.348872
1.94253
0.446763
0.187896
0.623565
0.0155022
1.66615
1.63766
0.104663
0.292594
0.0160047
0.543473
0.240475
0.239834
0.0974724
0.235771
0.0985962
0.783395
4.24285
0.31065
1.76562
0.205417
1.9018
1.48971
13.4233
11.1177
31.9869
0.882194
20.6956
21.2796
17.7677
11.3509
0.589303
47.8806
0.2426
1.88449
1.33656
0.26288
0.70181
0.0657283
0.220273
0.156113
102.412
50.7444
98.0398
47.868
222.259
256.803
0.206389
0.469553
0.158805
0.716634
0.865083
1.15904
0.0407882
0.334147
0.454958
0.194761
1.01789
0.396015
2.56073
0.106887
0.780214
0.69744
1.56688
0.513879
1.50611
0.250661
1.25145
0.416507
20.4859
10.2946
12.8426
47.0615
6.8602
9.71388
13.1698
2.35145
0.924585
0.462291
3.77943
1.49125
1.2406
2.00806
2.10427
1.46922
3.4889
0.356037
0.0939796
0.393745
2.89781
0.0951301
4.31619
1.69425
31.9435
23.5123
19.8363
38.9621
3.69026
1.02472
0.451036
0.0221456
0.448577
0.154145
2.32805
1.38534
0.0582952
0.318068
0.993639
12.6972
47.3022
8.11486
5.24689
0.0330418
0.37618
0.565261
0.753528
0.630323
0.102187
1.28591
0.199454
2.5023
6.84565
4.74572
0.326417
4.24734
2.72105
0.17617
0.177836
1.53229
2.58901
0.517011
7.33342
5.16519
27.5795
27.9582
1.53026
0.0592741
10.0446
7.08008
17.7117
0.973074
23.2392
3.31035
5.76994
0.898688
0.472985
0.156573
0.506818
1.30557
0.122322
0.754218
0.225363
0.326354
0.377358
45.4464
58.3028
44.9231
22.1747
4.28928
1.85008
2.55843
0.17863
6.52845
1.23013
1.85977
0.493365
1.51751
0.761171
0.595691
0.700117
1.31799
0.256266
0.714792
0.780421
2.04367
0.51476
0.0988959
1.49118
0.760229
0.114227
4.76817
7.18093
14.4122
0.361652
9.4018
2.62476
1.51439
41.1297
0.0651688
0.707376
0.0771877
0.604352
0.92725
6.06362
99.28
29.0161
2.66998
0.0630118
5.16435
0.92096
0.0161015
0.311604
1.24659
0.530073
1.34047
2.77212
0.799563
0.351401
4.65371
2.9501
0.205755
12.6476
0.233239
0.911221
2.37545
0.691318
1.69553
3.97621
0.283707
2.06128
0.364625
4.6409
0.827547
1.29274
155.589
43.194
5.15981
7.09572
9.24432
2.33715
0.304553
2.24992
66.3719
3.55436
31.9184
3.47717
0.615727
4.46113
1.70046
2.28658
6.0158
0.757977
5.13962
0.343025
0.448133
0.622924
0.239338
0.214016
0.112428
0.573711
218.533
38.7196
6.10279
4.78942
0.4244
1.68996
1.11447
16.6647
0.133602
5.13286
0.602805
0.336696
0.556143
1.21607
0.417605
0.0634758
0.277564
1.13947
0.679521
0.222189
10.5321
7.03277
14.7642
4.94173
25.1624
0.629094
65.3311
30.2127
2.22836
2.84273
85.5124
8.26351
39.6532
2.27046
0.117251
0.741977
5.31266
1.62031
0.633017
0.490561
0.330502
0.396497
8.77184
5.82234
10.5192
1.67393
0.80137
0.862861
0.245051
0.0366672
0.825003
2.85943
1.14121
0.298294
0.363631
2.13999
0.977154
3.92019
0.131658
0.484152
0.142707
0.623533
0.300004
0.386236
0.0709443
0.232998
1.05537
0.372608
3.45263
0.0219626
0.485721
0.207733
0.34678
18.8015
14.9462
7.14027
3.7141
11.1015
4.65191
4.16955
0.573908
0.975126
1.06444
4.78546
1.86914
1.16815
0.0244117
0.426749
2.46297
10.9687
1.85792
1.92513
1.56127
0.964983
0.939184
0.558177
6.52013
2.225
0.162052
22.7207
29.8837
4.38299
4.40262
19.7255
48.05
20.6889
60.5476
4.90324
0.245138
0.460728
0.58124
0.0714878
5.90725
14.654
0.105613
19.8986
5.26705
2.77084
231.417
63.6155
7.7343
13.9617
65.2357
66.3265
0.259494
0.182511
5.47417
3.98853
24.625
0.523536
0.44562
0.0364872
0.748066
1.7807
2.8435
1.51288
0.221702
0.344678
1.13966
5.08023
24.0396
1.44459
300.086
52.475
73.8408
0.650021
4.62623
0.795217
0.223307
0.0761413
0.389109
1.16167
1.67234
1.8335
0.59093
2.62243
1.08057
0.213298
1.30219
0.824841
0.00987584
4.41083
0.370177
0.161085
3.44774
1.67884
0.144634
16.5552
26.3435
28.4922
6.33726
0.564627
4.76557
1.79653
2.06365
28.569
7.18599
0.0607051
0.293488
0.235223
0.0946926
0.289521
3.33905
3.48987
0.319567
0.0907751
7.61146
47.0366
166.469
513.585
1.39988
0.206959
1.97612
0.0839591
0.411895
0.242462
0.0208442
0.267955
0.236475
0.0383137
0.52771
0.0182961
0.530894
0.653795
0.177471
40.2489
5.2215
0.218426
7.79343
1.40796
0.383521
0.68605
0.233511
0.187168
0.168132
0.253685
0.280749
0.21211
1.23433
0.03219
0.212551
7.61588
7.3338
0.235311
1.55973
6.94311
1.9239
4.82218
0.723561
2.16253
8.71794
2.56155
5.74535
0.915231
44.3823
1.09341
0.495429
0.169659
1.63504
2.56369
2.20654
4.53248
3.75425
1.20536
4.9257
36.0202
8.58809
33.6856
0.848795
3.11177
1.48292
80.9799
42.3065
61.1992
35.4388
1.30349
0.0557457
1.32863
6.66144
44.7857
21.7297
0.253888
0.0189177
3.58346
7.12616
0.0234403
0.243025
0.171165
0.432544
0.11092
11.7713
6.84729
15.4795
4.61123
3.38324
2.90694
0.567307
1.30666
0.447094
1.54531
0.716312
0.444933
0.212628
0.741589
3.06356
1.1111
60.8159
8.43698
1.32022
2.79823
0.867404
0.143984
0.189572
2.8589
4.51388
0.444669
0.363294
0.558517
0.661874
0.523172
0.57544
1.32075
0.837779
1.43631
0.541177
0.227691
0.0905064
0.0657413
2.40101
12.2435
2.19299
7.02058
1.16976
1.35968
9.16401
3.34133
0.0564174
0.742634
0.411855
0.0546932
0.294676
0.354903
0.0160544
0.712872
4.9641
6.78089
6.41555
1.8856
2.87832
6.40461
0.411524
0.667097
1.06219
1.62465
6.19275
0.610399
0.0610413
1.7836
8.28896
2.71737
0.423912
1.12616
2.36883
3.34673
267.063
69.7156
1.19175
1.26481
1.65985
13.7701
35.9789
2.57602
0.180559
10.6266
3.99853
0.112486
1.28793
2.79685
3.06174
3.16419
9.06504
0.966469
2.82768
3.74387
0.931223
1.21647
4.65101
4.90657
1.06252
138.437
624.916
8.42003
1.544
0.487079
0.0540073
3.15984
2.74885
0.299966
0.390443
0.848502
0.252603
75.6708
14.1487
5.88556
5.31706
6.94962
16.7926
4.58806
1.01242
0.544727
0.187012
0.646809
1.16192
22.7102
13.2253
0.512699
2.44452
0.235635
0.175216
1.382
7.06306
1.11445
0.714662
5.69099
14.309
0.637464
0.283925
0.0454615
0.160611
0.41876
0.451466
0.562167
1.37978
0.405272
1.35618
0.304621
0.146155
0.373113
2.07625
0.0264055
0.665155
33.5126
28.8169
3.44492
16.5317
6.04701
13.8124
20.0349
27.1764
3.21323
27.7701
0.193241
0.396606
23.662
25.9111
0.729459
0.110588
0.0477967
0.224414
1.747
17.0377
0.448405
0.570335
0.179487
0.399092
0.179228
3.29715
2.59416
1.18107
2.63062
30.898
3.70866
19.1496
1.15988
0.0270765
4.46684
1.78561
2.87184
16.4615
3.15984
22.8627
3.77114
6.14433
0.137806
0.0582528
0.156743
0.601567
0.394215
0.288627
2.1502
5.46078
10.0436
2.96636
1.02794
8.37816
16.3696
0.822941
0.361029
0.884642
0.1919
81.0512
55.2625
30.3612
51.5979
12.7831
2.51436
0.12772
4.0025
4.51116
1.55954
3.42889
4.6654
4.29053
12.2824
5.20572
3.73804
0.877167
1.11724
17.5782
19.2558
26.4985
97.7278
2.75865
39.1046
11.0637
8.38768
0.412225
7.69158
7.38889
1.67512
0.276526
0.680361
5.93551
2.35581
323.568
3.29226
13.9271
8.50711
10.5175
34.2173
1.47876
0.890515
0.305792
6.43552
1.39022
0.810691
0.425781
44.1145
57.8118
0.261854
0.422798
10.3497
2.90873
1.27635
0.0626503
0.362849
0.120114
0.312435
0.123712
0.467396
1.25547
5.3052
19.6577
8.25628
0.588033
0.773957
0.411937
0.201556
0.565334
0.0996124
0.0978446
0.519537
10.8012
2.79609
2.66897
0.144611
0.0812348
0.232934
0.091585
0.0391433
0.511831
3.23442
0.580344
0.369611
0.892371
5.78697
2.16575
0.295289
1.74687
0.157009
1.8912
0.898064
0.177887
0.667856
4.03991
2.30601
0.291707
0.905628
0.0242313
0.204322
0.0724274
0.313046
0.620136
0.377417
0.276207
0.0850651
0.284292
2.17217
6.30018
17.0919
5.44594
6.05793
0.60946
1.40661
1.07274
