   19.3718   1.86529 -0.582961   1.95426   104.377
    25.602   1.45074 -0.366527   1.49633   131.192
   64.1565   1.82214  0.710545   1.95578   110.718
   101.726  0.815139  -1.35366   1.58014   118.365
   34.0707   1.84681  0.655698   1.95976   118.521
   3.19723  0.217634  -1.18395   1.20378   128.625
   18.0058    1.4858  0.291384    1.5141   120.534
   50.8887   2.93967  0.827781     3.054   118.019
   20.4431   3.07609 0.0611018    3.0767   115.958
    92.713  0.576023  0.163341  0.598735   113.369
   86.7322   1.24627  -1.05227   1.63109   128.443
   67.3785   1.92927 -0.261713   1.94694   122.608
   12.5181   2.93571  0.251401   2.94646    109.75
   28.3409   2.83616-0.0227083   2.83625   94.5707
   6.82009   2.43589-0.0790753   2.43717   106.705
   1.60673   2.50598  0.113513   2.50855   121.401
    21.958   1.95675   1.75677   2.62966   111.151
   52.2189   2.47605 -0.101884   2.47814   111.437
   8.42148   2.47827   -1.7749   3.04829   90.1271
   73.7968   2.30009 -0.856121   2.45425   122.143
   17.7062  0.485176   1.48012   1.55761   117.445
   20.9216   2.27716  0.369246    2.3069   116.848
   11.3017   2.79551 -0.026506   2.79564   93.4463
   6.99286   1.86073  -1.60567   2.45774   118.093
   1.26136   1.91596  0.836827   2.09074   113.258
   34.3712   2.92797 -0.319472   2.94534   116.464
   60.4531    2.9215 -0.229095   2.93047   97.7498
   35.3017   2.49926  0.903923    2.6577   119.838
   64.7802  0.127367  -1.20413   1.21085   123.996
   3.51786   2.54896    1.7105   3.06969   111.499
   40.2292   3.07139  0.229578   3.07996   115.127
    44.108   1.98633  -1.04336   2.24369   100.053
   23.8763   2.68277  0.463313   2.72249   107.796
    52.659   2.40097  0.553745     2.464   118.518
   127.514   2.95128 -0.193468   2.95761   117.102
   81.8707   2.37159  0.399578   2.40502   114.994
   23.5726   2.36009 -0.138786   2.36417   103.908
   43.0728   2.26713  0.855238   2.42308   118.077
    7.4262   2.11895  -1.29826   2.48504     104.7
   103.687   2.55886 -0.415624   2.59239   127.961
   31.6739   2.91017 -0.786881   3.01468   86.7239
   163.424   1.58497 0.0172163   1.58507   111.272
   26.2145   2.86244  0.407308   2.89127   109.954
   6.69694   2.01468   1.65183   2.60528   121.812
   36.0015  0.446164   1.59498   1.65621   122.819
   231.094   1.42913  0.465692   1.50309    131.72
   101.792  0.819308 -0.159637  0.834715   110.092
    42.235   1.82438  0.124269   1.82861    104.13
    32.954   2.78154    1.2855   3.06423   110.441
   188.366   1.25831   0.13976   1.26605   120.064
   51.2305   1.17341 0.0412491   1.17413   123.658
   22.8188   2.36523 -0.556527   2.42982   123.931
   50.3453   2.62838  0.412774   2.66059   118.288
   14.9175   3.05327   1.50794   3.40534   101.848
   7.99156   2.79418  -0.40406   2.82325   116.287
   26.1884   1.17838   1.79505   2.14727   118.168
   8.69299   1.85019 -0.218991   1.86311   119.151
   67.5279   1.794830.00990515   1.79486   117.813
   98.7417  0.769452   1.02608   1.28253   122.527
   63.9021    1.4277  -1.60007   2.14443   115.553
   36.3282   3.03867 -0.512434   3.08158   81.1841
   184.894   1.02226  -0.73811   1.26088   101.317
   25.6931  0.661727  0.704195   0.96632   123.764
   14.3205  0.773401  -1.03176   1.28945   124.006
   65.9262   1.94128  0.141593   1.94644   94.9681
   32.6847   3.02015 -0.971515   3.17256   103.225
   16.1896   3.04761  -0.41826   3.07618   115.084
   119.733   2.26727 -0.909874   2.44302   119.145
    54.784   2.57426   1.12068   2.80762    120.58
   7.62739   2.67628  0.678919   2.76105   116.419
   122.299   2.21884   0.52405   2.27989   107.124
   15.3813   2.94685   0.71036   3.03126   104.997
    47.766     1.037   1.13547   1.53774   79.3996
   17.7746   2.23226  0.376579    2.2638   112.076
   48.2879   2.85553   1.09929   3.05982   120.116
   38.1777   2.27787 0.0210038   2.27797   96.6529
     86.45   2.26852 -0.173435   2.27514   91.7728
   35.6261   3.07769  -1.51963   3.43241   136.309
   33.8454  0.759991  0.829436   1.12497   118.752
   41.6987   1.69664 -0.221569   1.71105   89.3988
   82.2136   1.69676  0.427243   1.74972   111.306
     109.3  0.601957  0.752308  0.963493   122.815
   8.73694    2.1646  -2.16962   3.06476   127.672
   29.5809   2.53792  -1.00413   2.72935   114.582
  0.498525  0.315344  -0.89183   0.94594   79.9594
   16.1362    3.1308  -1.14654   3.33413   72.1605
   11.0915   1.55157  0.569401   1.65275   120.195
   99.6083   1.46498 -0.901297   1.72003   124.047
   32.6497   1.48985  -1.77243   2.31542   117.464
   21.9373   1.85675  -1.38405   2.31584   107.905
   16.7915   1.83247 -0.302975   1.85735   117.842
   7.93248   2.98154  -1.63325   3.39957   107.782
   68.2782  0.654203   -0.2684  0.707121   116.129
   13.2815   2.58556  0.568119   2.64724   113.752
   19.5336   1.24944  0.951279   1.57036   120.146
   51.7244    1.5353   1.10294    1.8904   113.637
   16.9898   1.00286  -1.73741   2.00607   63.8584
   45.0121   2.44545  0.976785   2.63331   126.602
   78.0014   1.25308   1.40518   1.88275   101.875
   7.49804   2.57746   1.26811   2.87252   75.6114
   15.4829   2.77709  0.128238   2.78005   105.092
  0.729196    1.8939  -1.09264   2.18649   114.313
   67.3555    2.1301 0.0967447    2.1323   114.797
   36.0714   3.03254  0.158748   3.03669   118.197
   39.7366   2.58934  0.198448   2.59693   125.688
   58.8101   1.85797 -0.524836   1.93068   131.147
   22.1056   1.47642 -0.633358   1.60653   111.388
   47.1417   2.52122  0.150321    2.5257   116.228
   46.4389   2.95485   1.12187   3.16065   111.566
   2.33602   2.45628  0.657535   2.54277   119.225
   22.1894   1.53416  0.778462   1.72036   121.406
   35.0374   2.51859 -0.142055   2.52259   118.079
   32.8754    2.7183   1.90294   3.31818   116.304
   13.7478   2.89722  -2.24193   3.66335    125.57
    16.161   1.68636 -0.306945   1.71406   117.767
   33.7861   2.36513  0.517014   2.42098   120.679
   3.02409   1.82826   0.20983   1.84026    116.44
   64.9614   1.41225  0.374956   1.46117   115.563
   3.82247   2.22911  -3.05863   3.78473   112.139
   10.3339    2.2263  0.157283   2.23185   137.121
   24.0509      2.91  -0.29582     2.925   91.9957
    9.6199   2.96313  0.842552   3.08059   124.388
   10.4644   1.86307 0.0277012   1.86328   112.429
   58.2452    1.8334   0.30434   1.85849   114.565
   17.2045   2.32669 -0.335343   2.35073   143.543
   88.7131   2.52586  0.523315    2.5795   103.845
   0.97753   1.34072 -0.916064    1.6238    120.56
   14.9247   1.73387 0.0907906   1.73624   120.438
   43.8722   2.85452   1.62029   3.28232   115.341
   64.5315   1.08669  0.088146   1.09026   125.171
   36.4125   1.94015 -0.303991   1.96383   117.415
   14.8092   2.36892  0.642954   2.45462   105.203
   43.3613   2.60488  0.870963   2.74663   114.159
   39.5603    1.2621  0.188177   1.27605   106.938
   35.7407   2.66357   0.54643   2.71904   106.137
   56.2148  0.855553  0.554729   1.01965   114.369
   318.483  0.740965  0.306288  0.801773   126.312
   11.7899   2.42569  -1.10474   2.66541   120.294
   20.4507   2.37796   1.29558   2.70799   120.545
   77.5432   1.09941-0.0719366   1.10176   120.224
    1.8296   2.98847 -0.543554    3.0375   121.617
   7.44171   1.44392  -1.18658   1.86892   117.688
  0.498511   2.62816   1.45588   3.00447   119.176
   54.3027   3.08415 -0.355608   3.10458   115.907
   104.838   1.43271   0.25424    1.4551   122.406
   14.7315  0.626767 -0.980353   1.16358   114.241
   23.5877   2.05853   1.09339    2.3309   110.723
   71.5577  0.118546 -0.687641  0.697784   126.426
   8.42242   1.31473   1.55418   2.03568   78.4121
   5.78357    3.0874   0.85777   3.20434   119.822
    3.4838   2.57862   1.38436   2.92673    106.82
   41.3385   2.93007  -0.60786   2.99246   92.0226
   36.9848 0.0412652   1.29256   1.29322   92.7022
 0.0723149  0.309607   1.00211   1.04885   101.288
   9.51733   2.79207 0.0452985   2.79244   114.996
   416.701  0.640603-0.0841547  0.646107    123.28
   72.5273   1.51335 -0.916201   1.76908   122.604
   70.9485   2.91536  -1.43818    3.2508   110.744
   80.9306   2.24706  0.133336   2.25101   106.792
   36.2758  0.923486  -1.61561   1.86092   119.679
   40.7325   2.35878  -1.68149   2.89677   103.796
   44.8488  0.799373  0.306575  0.856146   125.181
    30.796   2.16353  0.949087   2.36255   110.113
   139.396  0.738959 -0.263713  0.784605   99.9488
   74.8681   2.74263 -0.274856   2.75637   106.529
   106.024   1.51369  0.544708   1.60872   97.7822
     10.91   2.95537  0.740692   3.04678   112.639
   13.0535    2.6844 -0.449487   2.72177   118.949
   31.1013   1.35126  0.446254   1.42304   114.979
   24.7021    2.7128  -1.74099    3.2234   122.876
   16.2189  0.805263   1.23832   1.47712   108.633
   16.2616   2.39308  -1.06558    2.6196   100.329
   70.3624   2.77393 -0.745518   2.87236   97.3771
   65.9372    2.2292  0.477193    2.2797   115.723
    21.126   2.00441  0.583887   2.08772   109.682
   38.4069   1.78264 -0.776688    1.9445   118.183
    22.635   1.50734  0.530673   1.59803   121.214
   6.97477   2.08654 -0.614129   2.17504   100.835
   52.3694   1.51449 -0.657385   1.65101   122.353
    36.673   1.95545 -0.347037   1.98601   104.593
   5.78476   2.33323  -1.57511   2.81513   124.308
     74.01   3.07187  0.878921   3.19513   98.8722
   29.6422   1.62982 -0.179812   1.63971   109.583
   26.7836   2.54911 0.0898153   2.55069   114.742
   104.819  0.105476   1.90288    1.9058   121.886
   30.7442   2.72561  -1.03963   2.91715   115.879
   9.58851    1.2413  0.435254    1.3154   99.8427
   49.7498   1.89771  0.869983   2.08763   131.478
   80.8671   2.28976  0.577896   2.36156   114.483
   14.0261   2.30318  -1.26038   2.62549   110.281
   77.8256  0.735983 -0.473557  0.875173   120.019
   55.6804   1.95585  -0.27395   1.97494   104.875
   53.7345   2.57574  0.618328   2.64892   92.7193
   14.8374   2.82944 -0.402105   2.85787    120.35
   37.4411   2.14859    1.6333   2.69891   95.5661
   15.8747    1.2372 -0.862026    1.5079   102.792
    91.179   2.94018  0.179232   2.94564   119.034
   16.7298  0.420746   2.18662   2.22673    134.95
   43.3497   2.02481  0.606043   2.11356   127.062
     14.15   2.53508   2.59097   3.62488   120.604
   6.26897   2.52753  -1.06522   2.74282   79.8205
   67.3523  0.185709   1.29585   1.30909   108.869
   63.2737   2.23046   0.16139   2.23629   86.0326
   25.5648   1.76988  -1.20999   2.14396   124.801
    13.027   2.05575    1.1251   2.34349   114.664
   63.4121    2.5213-0.0913988   2.52296   98.9163
   31.6709   2.53244  0.950737   2.70503   112.289
   43.8031   1.57107  0.721244   1.72872     102.3
   114.631   2.10462 -0.972517   2.31845   121.916
   40.8899   2.38273  0.490082   2.43261     104.7
   31.8076  0.905264   1.37996   1.65039   124.977
   10.3396   2.19216  0.186591   2.20009   126.492
    11.322   3.12993   1.11416   3.32232   120.975
   33.6386   2.19081 -0.788566   2.32841   122.759
   58.6768   2.20424  0.497652   2.25972   113.421
    25.433   1.87695 -0.219541   1.88974   122.765
   81.7904   2.95167  0.651582   3.02273   115.897
   16.4938   1.51939 -0.275362   1.54414   118.161
   60.9146  0.201774   1.42491   1.43913   71.0432
    90.383  0.494656   1.10099     1.207   120.342
     8.836   2.49312  -1.50588   2.91261    120.58
   4.34864   3.05551 -0.645169   3.12288   143.891
   22.3697   2.83227  0.223235   2.84105   116.399
    28.447   2.61822    -1.282   2.91524   117.261
   22.0753   2.14271  0.494994   2.19915   84.2176
   23.5458  0.920775  0.890008    1.2806   93.4041
   31.4699   2.50333  0.199638   2.51128   107.575
   87.0539   1.79833  -1.11819   2.11762   98.4726
   37.2351   2.66323 -0.478522   2.70588    101.52
   4.70911   2.90028 -0.837172   3.01869   119.278
   111.537  0.959527  0.913307    1.3247   122.775
   58.6191    1.9211  0.558792   2.00072   117.476
   22.7133   2.65977   1.81463   3.21982   105.487
   13.4356   2.12328   -1.1937   2.43582    129.85
   88.3143   2.64121-0.0769475   2.64233   99.3799
   43.0659   1.87621   1.12931   2.18986   101.209
   8.95307   3.03618  0.665836   3.10833   145.966
   43.7711  0.7436550.00122426  0.743656   103.862
   52.8764   2.47313  0.094604   2.47494   118.152
   101.745   1.21274  -1.10741   1.64228   120.118
    253.32  0.475525  0.570028  0.742331   120.265
   65.5589   2.79366  0.156573   2.79804   118.085
   76.5412   1.55699  0.839768   1.76902   127.273
   16.1769    2.0742   2.26481    3.0711   108.545
   137.903   1.71671 -0.101494   1.71971   104.329
   43.0011   1.76135  0.123876    1.7657   115.048
    13.091   1.89606 -0.324252   1.92358   121.732
   37.3447   2.96151 0.0851192   2.96273   111.619
   56.8358   2.93854 0.0640328   2.93924   108.024
   67.8936  0.930862  -1.09428   1.43665   118.699
   146.531  0.674533 -0.612244  0.910954   119.864
   30.3386   2.69955-0.0295377   2.69971   94.5338
   9.43668   2.74354  0.916892    2.8927   124.093
   42.1713   2.94602-0.0213152    2.9461   115.733
   78.1289 0.0842891   1.27164   1.27443   105.486
   98.3314   2.11107   1.38507   2.52488    117.06
   58.9596   1.58521 -0.277079   1.60924   123.557
   27.5552   3.07292  0.813934   3.17889   106.235
   58.8053   1.75823 -0.276172   1.77979   98.9731
   28.8467  0.820976  0.146435  0.833934   122.054
   34.2566   1.41051 0.0197718   1.41065   83.6214
   14.7434   1.94674 -0.638058   2.04864   106.821
   95.7381   2.68075 -0.834136   2.80753   124.934
   89.5781   1.28721  0.431397   1.35758   107.119
   9.91756   2.64042   1.73806   3.16112   107.015
   66.7312   2.99635  0.380695   3.02043   104.556
   39.7796   3.13694 0.0694178   3.13771   106.754
   29.6861   2.13601 -0.646831    2.2318   106.919
   33.3233    2.5792  -1.72489   3.10282   119.776
   33.1751   1.60584   2.18035   2.70789   110.086
   95.5255   1.50213-0.00421106   1.50214   124.608
    4.1412  0.654578  -1.68266    1.8055    95.463
   27.8446   2.04617   0.12708   2.05012   108.064
   33.7956  0.106241    -2.275   2.27748   105.021
   36.1218  0.469776  -2.39424    2.4399   120.885
   12.2887   2.83978   1.68518   3.30215   106.194
   197.882  0.160031   1.03318    1.0455   108.503
   11.7739   1.36194 -0.526484   1.46016   103.662
   15.4578   1.86539  -1.16516   2.19938   107.326
   52.8958   1.27443   1.54865   2.00562   105.872
   3.15029   2.20726   1.50941   2.67401   126.159
   37.9672   2.94321  0.133287   2.94623   128.641
   271.446   1.19897  0.297978   1.23544   104.108
   16.6644  0.294728 -0.968615   1.01246   99.5276
    65.351   2.45996 -0.197184   2.46785   101.697
   32.7209   2.56968-0.0273485   2.56982   120.402
   83.5215   2.20358 -0.621132   2.28945   112.944
   28.8976   1.15039   1.38011   1.79669   111.813
   40.0733   2.23515  -1.23346   2.55291   115.415
   16.4287   1.49375 -0.545136   1.59011    119.02
   23.7306   2.69964  0.589859   2.76333   110.933
   48.8796   2.78192  0.208048   2.78969   94.4188
   17.2147  0.425581  -1.29265    1.3609   121.844
   85.7636  0.279458   1.39661    1.4243   124.245
   64.0619   1.43154  -1.65699   2.18973   104.282
   59.6919  0.244678   1.21678   1.24114   101.954
   45.1535   1.19177 -0.727233   1.39613    115.71
   48.7781   2.20858  0.182855   2.21613   105.712
   42.2463   1.91207 -0.141058   1.91726   117.201
   96.7693   2.40549-0.000842639   2.40549   120.445
    32.012   3.02563  0.870773   3.14844   133.618
   202.021   1.21885  0.443357   1.29698   114.397
   29.7512   2.31211   1.62493     2.826   88.8048
    62.522  0.276839  -1.58374   1.60776   124.026
   115.017   1.14412  0.328175   1.19025    116.78
   11.9754  0.254548   1.55513   1.57583   120.662
   40.7397   3.12325 -0.286699   3.13639   149.589
   14.9979   3.08944 -0.197481   3.09574   100.363
   66.5936   2.97774 -0.365294   3.00006    119.73
   92.5133    2.5066 -0.526623   2.56132   126.469
   70.1999  0.990725-0.0499966  0.991985    102.89
   18.9957   2.20097    1.2548   2.53354   94.8379
   37.9254   2.38246  -0.48395   2.43111   118.284
   18.1271   1.29756  -1.38045   1.89454   112.506
   229.569   1.42188-8.47274e-06   1.42188   114.745
   7.39685   2.72963 -0.103528   2.73159   113.774
   27.8053   1.45238 0.0205662   1.45253   76.4376
   28.1772   1.42647  -1.31015   1.93683   121.556
