        28   70.5898  -1.73564  -1.03658
        17   51.2181  0.129648 -0.453624
        27   107.412  -2.30545 -0.172016
        23   81.8097   2.52699  0.194511
        25   102.624  -3.08271  -1.29488
        19   38.4674   1.37834  -2.00543
        27   136.619  -0.53295 -0.813716
        26    34.893  -1.34809  0.539939
        14   87.0343   1.09197 -0.572325
        28   52.9637   2.93878  -1.22802
        16   100.608   2.22309  -1.08105
        27    97.411   2.00545  0.102893
        15   95.6756 0.0730374  0.979173
        13   77.6698   1.55884  0.687789
        27   85.0199  0.631544  0.466402
        23   34.1312  -2.71197 -0.361379
        12   68.8282   1.49152 -0.719112
        14   48.3851  -1.71557 -0.780214
        34   234.578   2.26078   1.75042
        15   141.865   2.83681   1.58708
        22   133.211   1.43658  0.524844
        15   46.4792  0.190314   1.57711
        33   113.972  -2.72976   1.33351
        17   46.5933   1.62415   1.59522
        31   60.6295   1.70962   -1.4723
        22   48.1115  -1.22609   -1.7237
        28   63.4595  0.501311   1.75791
        12   35.1186  -2.94571   1.78062
        25   59.4122  -1.42186   1.80928
        20   52.5921   1.01403   1.88836
        23   64.1528  -2.09784 -0.664661
        18    62.546  0.408138 -0.778173
        34   54.7989  0.334074-0.0947806
        10   32.8409  -1.62268  -1.85155
        15   89.9641 0.0788352   1.81528
        16   37.7452  -2.39721   1.91716
        17   36.4913  -1.90287  -2.09173
        15   28.0698  0.575392  -0.31683
        24   106.963  0.885015  -2.64382
        18   33.1666  -3.09808   -1.7877
        13   77.7957  -1.62496 -0.364062
        12   60.0895  -1.13979  -1.84418
        26   72.8719   2.25524   1.35286
        28   51.9503-0.0219262  0.983613
        13    53.139 -0.616243  -1.79428
        13   41.8372   2.17927  -1.76777
        19   52.2231   1.93928  -1.29838
        12   45.2302  -2.48318  0.307287
        21   61.4388  -3.08985   2.14955
        18   60.1775  -1.17388   1.31273
        35   75.9873  -0.13942   2.07628
        11   41.6161   2.78855   2.39576
        21   87.1525   0.14118  -1.79834
        16   26.6994  -2.78032  -1.56924
        26   76.4175  -2.02124  -1.88084
        16   41.1158   1.76269  -2.78477
        28    131.65    2.4168 -0.583101
        16   66.8697   2.28943  0.621028
        16   42.4649  -1.78643  0.161341
        14   38.9471  0.762533  -1.54916
        15   80.26720.00344157  -1.07014
        22   40.0379  -3.06795  -1.29972
        23    76.387 0.0276471   1.73526
         8    32.279   2.01398   2.77863
        16   66.6745    1.4876   2.69435
        15   42.7982  -1.19517   2.23104
        24   92.0702   2.02119   1.91199
        20   39.4112  -1.86102   1.35824
        17   149.959  0.119766  -1.49319
        17   22.4449  -2.83151  -1.29972
        34   113.332  0.184504   1.20041
        12   31.4612  -2.18709  0.800836
        11   68.7682-0.000994527   -1.7637
        12   45.1956    2.3591  -1.62491
        25   82.9562  -1.23776 -0.882551
        21   39.8835   1.02936  -1.73779
        11   50.3358  0.562439  -2.64094
        15   42.9096  -1.55651  -1.34268
        18   134.665    2.2917  -1.47368
        23   30.9785  -1.43263  -1.05806
        20   58.4837   1.29338  -1.50639
        22   26.8099  -1.61679 -0.719506
        44   193.428  -1.85936   1.48924
        13   30.0034 -0.274384   1.47202
        27   68.5191   1.14936  -1.63573
        12   42.3046  -1.71308  -2.04304
        22   51.5158   1.14859 0.0670685
        13   44.8189 -0.866095  -1.58477
        21   86.7042 -0.303129 -0.745251
        19   50.7027 -0.749293  -2.34023
        27   263.291   2.76507  0.355788
        22    32.197   1.33594 -0.109903
        25   193.391  -2.62389  -1.11754
        15   91.5989   2.83999 -0.957907
        11   89.7314   2.91753  -2.67075
        16   47.4964  -1.54127  -2.79502
        19   64.7207   1.12123   1.89289
        17   31.7668  -2.38041  0.607382
        15   232.025  -1.04654   2.24139
         9   43.6596  0.211771   2.10163
        27   138.112  0.741377  0.338921
        26    86.881   1.91478  0.297672
        34   75.6847  0.989081  -0.61927
        19   52.8659  -1.37615-0.0627436
        34   89.2883 -0.587069   1.89673
        20    38.943   3.06774   1.48396
        15   47.0408  0.722341    0.1169
        22   32.1233  -2.33093  -1.39104
        19    61.523  -1.42901 -0.676773
        12   53.5314   2.05999 -0.272713
        13   64.9592  -1.56016   2.25373
        25   38.7708 -0.381779  0.458684
        15   77.5601   1.73276     2.117
        18   68.8671  -2.70023   2.33599
        17   115.865   2.30515   2.67396
        14   48.3369  0.510321   2.66406
        22   153.796   2.78274  -1.00305
        20   55.0548   2.01329  -2.02913
        13   92.7266  -1.65811  0.826084
        18   28.8245  -3.08582   2.42616
        20   61.1205   1.36535  -2.26087
        12   24.7922  -1.87916  -1.74844
        13   214.883 -0.491971  -0.71801
        11   29.9887  0.530286 0.0200995
        27   139.222  0.524227-0.0501761
        17   113.529   -0.1375 -0.754371
        16   100.553   2.74422  0.234033
        29   86.2323   1.97082   1.26579
        16   98.6137 -0.382752   -2.0658
        17   32.6875  -2.32403   -2.2074
        16   64.7716   2.00808  -2.00138
        28   32.0869  -1.01208  -1.02987
        24   64.5507 -0.678295  0.463212
        20   48.3611   2.36932  0.881472
        23   142.907   2.31072   1.40987
        10   23.1735   -1.7052   2.31975
        26   86.9486  -1.66099  0.801379
        17   32.1647  0.913266 -0.319301
        22   59.4068  -1.79949  -1.68453
        23   51.7794  0.876791  -2.36345
        28    144.51 -0.381181  -1.34158
        12   22.2113   1.83766  -1.86563
        17   56.9127  -2.03513   1.03872
        18   41.5314  0.911718  0.328361
        21   78.8808  -1.06778  -1.29781
        11   31.1148  -2.10478  -2.43328
        20   69.6667  -2.21503  0.995412
        26   51.8921    1.8359  0.618833
        19   81.3073 -0.552404    1.0581
        16   33.0194   2.87525-0.0411912
        22    74.944  0.910957 0.0584992
        14   36.7663  -3.09436 0.0374954
        14   109.293 -0.837034  -2.06707
        10   22.8431   1.43149  -1.89363
        20   71.9979   2.11048 -0.826256
        18   36.3717  -0.96721  0.693375
        35   121.278  -1.22213    1.1964
        16    87.433  -1.98212   0.36696
        25   82.5294   2.59404  0.409638
        21   40.8307  0.897397  0.631207
        20   122.593-0.0779909   2.28712
        28   40.3794  -1.77475   1.85988
        28   189.626  -2.40425  0.816158
        38   80.3255   -3.0062   0.06385
        22   44.3036   0.36987  -2.06088
        17   35.5667   2.53447  0.108733
        19   69.1136  -1.73191   1.24135
         9   39.5327   2.01335   2.24548
        16   79.6132   2.33612  -1.54054
        22   79.1147   2.02077  -0.64871
        18    39.416  -1.48014  -2.77299
        16   23.2798   1.65065  -1.62645
        15    84.482  -2.88373  -2.03843
        18   73.3904   1.84788  -2.60783
        24   139.989  -1.28662    0.9301
        22   40.3804   -2.7516    1.8314
        23   66.8237  -1.18493 -0.672653
        11    34.174  -2.67478   1.09977
        23   60.7185   0.97304  -1.34375
        14   38.7812 -0.883714 0.0402968
        26   80.9832    -2.232  -0.77191
        20   64.1917 -0.399528 -0.468934
        13   43.7978   2.08281  0.863733
        15   35.8653 -0.898727   2.49699
        24   201.659  0.881283  0.080769
        16   133.381   0.22708  0.349169
        17   63.1875  -1.63374  0.797806
        23    49.906  0.951821  0.229687
        17   88.3148   2.92517   1.13347
        21   68.7812   1.67573  0.182195
        17   91.8231   2.48203   2.58502
        16   40.0987  -2.26586   1.48209
        15    38.466 -0.697428  -2.86432
         7   21.4761  -1.70029  -1.12691
        24   85.3588    2.4471   0.75062
        16   40.3467  -1.39064 -0.226165
        15   104.268   2.50414   2.63679
        10   26.2661   1.25106   1.23161
        13   35.6037  -2.79969 -0.181863
        12   28.1056  0.906037  -1.44998
        19   61.2267  -1.99352   1.99399
        10   45.7438  0.783569   1.86575
        13   57.4217    1.3872 -0.921757
        19   56.6925  -3.00208  0.170881
        19   106.717  -0.60537  0.831191
        15   39.3614  -2.73547  0.734447
        16   79.2276   0.22889  -1.23227
        21   43.1562  -3.02176  -1.39102
        21   87.4093 -0.391537   2.47127
        21   47.6727    2.1978   2.27282
        33   110.776  0.485647 -0.864884
        11   51.9657  -1.37233 -0.340048
        17   84.9328  0.488354 -0.160622
        26   62.8271 -0.988061  0.472736
        23   88.5122  -2.51527 -0.065711
         8   41.37050.00594832 -0.216032
        14   76.4868  -2.22176   2.19295
        10   30.0479   1.10658   1.07108
        23   60.1485   2.99895  -2.09081
        19   57.8125  0.542664  -2.74834
        28   86.7741-0.00348338 -0.912215
        16   64.5847  -1.53764  -1.69068
        20   81.3541  -1.00437  -1.37723
        22   46.3166   1.51421  -1.23517
        17   58.7452  -2.24347   1.82476
        18   25.8698   1.32142-0.0781833
        15   44.2239   1.24948  -1.15566
        18   30.4762  -1.64774   1.08628
        23   84.2803  -0.22025  0.859487
        27   68.1193  -1.90661   1.16643
        19   81.3986 -0.128744 -0.334277
         9   47.6125  -2.49387 -0.851291
        17   73.6493  -2.70087   -1.7934
        15   70.6252 -0.872619  -2.00323
        26   123.109 -0.208033 0.0349439
        16   58.1474   1.20421 -0.340012
        20    25.255 0.0971591  -1.10494
        18   21.4325   2.32627   1.95369
        21   80.0349  -3.03632  -2.14305
        20    69.701 -0.810026  -2.30034
        11   58.9863  -2.02736  -1.10627
        20   34.9354   1.34582 -0.810454
        27   61.5719 -0.397119   2.38932
        16    51.952   2.92294   1.54676
        27   74.0532   2.98234  -0.94258
        38   63.5887  -1.43777 -0.970281
        27   104.887   1.16761  -1.08471
        15   46.6415   3.00101  -1.38905
        20   84.8486  -1.59228  0.823062
        29   67.6442   2.36421    1.1584
        30   112.238  -2.48442  0.654573
        13   23.5247 0.0414344  0.131258
        22   76.9335  -1.56493  -1.34748
        17    75.956 -0.224206  -0.43142
        15   85.8469  -2.02683   1.73518
        22   70.9222   2.52249   1.64439
        19   69.9789-0.0271632   2.43891
         9   26.1067   2.82736  0.818617
        15    155.52  0.365403  -1.26693
        23   90.9886 -0.721289  -1.35507
        34   89.7955  0.767741  0.725099
        12    53.383    2.7079   1.02909
        26   60.7651  -2.70442   -1.8677
        13   45.9559 -0.335495  -2.51065
        19   78.8362 -0.508822   1.35507
        22   35.4749  -3.11371  0.484111
        18   108.894  -2.80879  -1.32908
        23   69.3338  -1.54669  -1.51725
        25   72.7565  -1.72636   0.93781
        13   37.0158   1.89326   0.39138
        25   143.404  0.443275   2.14804
        33   87.1891 -0.412277   1.59331
        27   381.969   -1.3857   1.70392
        22   63.4857  -2.12666   1.39763
        16   60.4119  -1.18582   1.14757
        14    48.622   2.67167   2.25231
        26   62.7088  -2.19709    1.5658
        15   42.2581   1.70814  0.270215
        23   157.744   0.24716  0.322823
        26   80.2012   1.34657  0.394759
        26   59.2167  -1.67844  0.419524
        20   57.3871   1.61627  0.963079
        21   67.7457   2.05981   0.46643
        20    60.304  -2.77946   1.65301
        19   47.2526 -0.568159  0.678333
        26   46.7541   3.08686 -0.777545
        24    89.516  -2.68981   1.63814
        20   35.2133  0.394341   1.99375
        26   156.767   1.15888  -1.10646
        29   51.9288   2.59159   -1.3607
        21    101.73  -1.79771 -0.504555
        16   86.9987  -1.17095  0.475798
        10   66.1286   1.96318  -1.35681
        18   42.5409-0.0953594  -2.45021
        26   210.882  0.549066 -0.432178
        41   139.324  0.667612  0.255463
        14   40.6484  -2.29505 -0.898675
        16    32.226 -0.980314  -2.45286
        13   57.2883   2.72965 -0.272393
        17   51.5047  -0.35775  -1.13016
        18   45.1997  0.343532 -0.340473
        13   41.7159  -2.23509  -1.72483
        35   68.5988  -2.63847   1.02212
        13   27.2603   0.71464   1.62998
        26   85.5401  -2.00048   1.70406
        13   48.5553  -2.04174  0.411504
        21   90.8273  0.167187  0.674841
        25    90.755  -0.14242 -0.327271
        32   62.7805  -2.98069 -0.990956
        20   53.2632  -0.18862  -1.03625
        46   486.238   3.00275  0.477934
        17   69.5376  -2.63983  0.562088
        27   117.488  -1.30655   1.37094
        13   44.9605   -2.8199   2.28714
        29   91.4265   2.90345  -2.20412
         8    20.478-0.0119058 -0.765942
        28   111.271  -1.81842  -1.80481
        19   30.3409    2.2177  -1.93815
        14   79.7482  -2.57046  -1.33283
        17   43.4724   2.78924  0.282786
        21   64.1815  -2.39421  0.363199
        13    23.449 -0.035431   2.04469
        45   170.157   2.96223  -1.56537
        22   125.309   2.16285  -1.87194
        17   71.6067  -1.80062  -1.09012
        11   40.8107   2.31904  -2.03921
        25   211.698   1.73338    1.7062
        22   72.3016  0.994425   1.96992
        24   102.536   1.77125   1.77956
        11    27.668 -0.971376   2.05441
        16   136.897   2.86484  -0.62082
        15   30.8734   1.35115  -1.16553
        21   57.9645   2.73534   2.00129
        17   47.0545 -0.592478    1.2606
        19   65.8356   2.94082  -2.46191
        16   52.7821  0.256419  -2.01242
        19   102.608  -1.21981   2.43441
        23   71.5066  0.131444   1.98815
        19   57.8325 -0.403031   0.61185
        21   33.1304  -3.11583   2.35284
        25   77.8257   2.66755    2.8268
        13   61.6068  -2.81037   1.58848
        18   54.5754 -0.660916 -0.491106
        21   38.3139   1.73217  0.574476
        21   92.8793  -3.01825  -1.78497
        14    22.517  -0.24432  -1.03946
        37   102.314   1.57993    1.2726
        15   36.3772 -0.649272  0.795409
        18    72.122  0.934964   2.75115
        24    50.996  -1.06945   2.16726
        13   89.3135  -2.72556  -1.30392
        11   50.9066   1.77498 -0.527233
        50   91.3039  -2.86756   1.15852
        19   68.6688  -1.36022  0.627845
        18   57.9792   2.95552   1.63101
        14   51.0045  0.868981   2.24514
        25   109.775    1.2975  -1.75957
        20   57.4059 -0.216987  -1.10218
        16   81.9677 -0.096854  0.252048
        19   45.2947    1.8586  0.599085
        12   51.3731  -0.51115 -0.954805
        13   45.5884   1.82208  0.620305
        29   94.7795   1.94443  -1.85961
        13   20.7695  -1.12744  -2.73853
        25   89.6428  -2.53897   0.17097
        17   60.0006   2.11439  0.350781
        15   74.4723  0.846718   2.36688
        17   47.6887  -1.70239   2.27706
        35   127.022  -2.37311   1.52119
        23   22.2038  -2.26763 -0.381686
        22   68.5868   1.93264  0.315819
        26   37.8427 -0.792973   1.35545
        33   83.5481  -2.02439 -0.265419
        12   73.9595 -0.783083 -0.700673
        24   98.5713  -2.40981 -0.210244
        25   48.8215 -0.512096  -1.08023
        22   112.223   2.09517  0.344591
        22   31.3557  -0.19459 -0.233305
        12   55.7707  -1.13048   1.24986
        16   41.7446    1.1727   2.51024
        37   177.943   2.90064  -1.35856
        23   100.117   2.16466 -0.885004
        20   95.2758 -0.458899  -1.19487
        22   39.5954  -2.41475 -0.920916
        14   79.7481  -2.64927   1.68413
        13   26.0136   1.05818    1.0658
        23   66.7343  -1.50503 0.0826265
        17   51.8969   1.94871  0.484732
        15   60.3184   1.28876  0.478791
        15   22.8773 -0.859825  -1.15451
        27   77.8604  -2.41601 -0.617992
         6   61.9857   2.62997  0.244034
        19   120.187  -3.03967   2.14349
        21   29.0075-0.0994889   1.96426
        30   58.4566  -2.48003   0.65301
        18   41.7268  -2.05928  -1.53361
        26    94.519   2.62827   1.21407
        25   51.1693  -1.63011  0.608031
        18   38.3646   1.92165   0.88174
        15   24.2146  -1.82645  -1.70923
        23   38.9229   2.34793  -0.25538
        16   32.6539  -1.40773  0.809838
        32   116.144   3.11511   1.13562
        18   48.7922    2.9294 -0.160231
        20   88.4322 0.0953115   1.36936
        14   25.1584   2.32577   1.20797
        20   74.4957  -2.04925  0.424885
        42   48.9309   2.46406   1.63488
        26   61.2892  0.700706   1.51125
        16   48.2622   2.75645   0.38616
        22   92.0615   -1.5315-0.0531672
        17   28.6494  0.989806 0.0382316
        12   70.0677   2.15897  0.164365
        16   38.3968  -1.59177 -0.786373
        26    89.287   1.33765  -2.12546
        11    45.484   2.90873   -2.8467
        20   140.453   1.13332  -2.15853
        12   25.8219  -3.04525  -1.18601
        15   78.2817   1.48073 -0.891145
        18   37.3917  -2.41973  -1.38123
        17    88.816   2.82821 -0.443681
        34   57.0084   1.92295  -1.82364
        17   75.4235 -0.415047   1.44057
        29   65.0839  -2.60721   1.25398
        16   57.5649   0.71876    2.4829
        18   46.2429  -2.41117   1.36873
        14   81.3475  0.239807 -0.349075
        15   47.7089    -1.951  0.439491
        19   96.0941   1.86272  -1.28343
        16   37.4173  -2.21623  -1.78108
        28   88.3476  -2.84412  -2.32402
        28   62.9146 -0.967178  -2.10448
        36   108.673   1.74157  -1.40294
        15   26.8822   -1.2101  -2.05452
        24    91.864  0.690689  0.148537
        21   75.3702 -0.828705  0.423899
        23   83.2023  0.863013   1.41415
        16   22.2877   1.06479-0.0107624
        15   148.904  0.499402 0.0146356
        26   58.52110.00474617  -1.08635
        16   52.0207  -2.75489 -0.438495
        22   43.1847 -0.261776   1.06739
        21   69.9795  -0.43865   1.21777
        27   65.6309   2.61686   1.86294
        26   70.3684   1.68195  -1.31925
        15   47.9987  -1.76896  -1.54248
        15    65.358   3.05143  0.515383
        16    36.911  0.433206   1.79738
        13   57.9865   1.76215  0.992203
        15   35.9112  -2.37832  0.497209
        17   84.3169  -1.46173   1.58133
        18    60.771   -2.3825  0.691326
        18   73.6753   -2.0602  -1.88435
        15   42.2053   1.71966  -2.08398
        32   109.394  -1.67271   1.07815
         7   22.3405  0.125619   2.19634
        15    72.315   0.45559   2.08648
         9   35.0799  -2.20764     2.565
        19   56.8098   2.59282  0.489682
        25   52.1007 -0.307458   1.32685
        33   162.965  -2.87867   2.10311
        19   51.4276  -1.91914   1.18981
        23   102.781  -1.79765  0.420309
        14   44.1618  0.123451 -0.138482
        15   49.5609   2.56221   1.85058
        15   26.8476-0.0975556 0.0359549
        16   66.3678 0.0179499   1.10193
        26   52.9322  -2.10533   2.29564
        22   111.532 -0.966504  -1.79313
         6   23.2179   2.67547  -1.71618
        20   75.9709 -0.765252 -0.217879
        17   32.9051  -2.64146  -1.34719
        15   73.3799  -2.36844    2.7875
        13   64.4268  0.878561   2.12166
        23   151.667   2.53356 -0.921726
        37   107.896   1.78991  -0.92295
        19   93.6128   0.64143   1.35539
        11   40.7365   3.11456   1.26078
        23   139.451   2.44691  0.259169
        15   37.7063  -2.62354   1.36658
        22    328.63  0.617221  0.747863
        22   75.3104  0.141696  0.177835
        40   100.085   1.97038   1.14416
        16   34.5266  -1.51914  0.987583
        37   122.076   1.32164   2.58748
        20   45.5349   2.87862   1.74771
        23   41.8773   1.19299    1.1167
         8   25.7004    -3.016  -1.14811
        20   165.637  0.276984 -0.307935
         9   27.7343    1.9937 -0.206441
        32   96.6286  0.260822   0.75083
        23   53.6274   2.02217  0.626953
        21    79.766    1.8975  -2.71706
        17    66.675  -2.48963  -2.39281
        24   77.2645   2.88812  -2.27715
        18   39.9197-0.0733854  -2.36227
        10   89.2592  -2.30315  -1.18339
        18   32.4234  0.635394  -1.24743
        34   120.453  -2.58543  -0.79879
        18   52.5589  -1.65456  0.295489
        39   220.031 -0.461385  -1.54419
        14      73.5  -1.13592 -0.931948
        23   65.4183   2.15088 -0.591684
        20   35.0797 -0.548666 -0.562147
        21   61.3047  -1.84548  -1.64715
        20    51.868   1.69417  -2.56405
        22    82.371  0.809204    1.3995
        21   40.1997  -2.52796   1.42082
        19   124.841  -1.66238  0.584512
        17    46.712  -1.57809 -0.687125
        13   119.545 -0.182991   2.72718
        18   21.2135   1.92807   1.34212
        15   118.881  -2.30811 -0.766171
        16   59.9213 -0.722906 -0.489093
        22   64.2288  -1.62282 -0.863865
        18   36.6736    1.4501   -1.6778
        19   98.3037   1.99921  -2.52456
        15   39.4984  0.240982  -2.24839
        22   163.549  -1.68678 -0.851662
        31   134.703 -0.865799 -0.998097
        20   82.4789  -2.71742-0.0495835
        18   48.2223  -1.30691-0.0693553
        38   66.2504 -0.694265   2.14822
        15   51.5069   1.25247   2.78628
        29   123.202 -0.637397  -2.34595
        12   27.4634   2.04335  -1.51182
        48   137.369   -2.2653  -2.25909
        20   47.7909   2.73067  -2.69049
        16   43.7316   1.52796 -0.739482
        16   33.8141  -1.11247  -2.47754
        21   94.2456  0.661624 -0.108899
        15   27.5144  -2.62521 -0.489595
        15   76.4973  -1.24322  -2.17098
        14   36.7176   1.89373   -2.2404
        19   73.0548  -1.90926-0.0422227
        15   43.3687   2.23791  0.604608
        24   62.9302   1.92913  0.202584
        12   29.6069  -1.77485   1.92748
        18   56.3615   2.14609   1.88105
         8   23.1864  -2.53126 -0.299302
        18   149.656  0.832156  0.811187
        15    54.131 -0.669974  0.815398
        19   49.1263   1.43561   1.13073
        15   44.9851  0.781036   2.81338
        18   77.5672  0.277863   -2.4959
        20   49.7226  -1.76831  -2.62298
        23    57.303 -0.132485 -0.289508
         8   23.5075-0.0262435    1.9855
        25   60.9395    1.9902   -1.9695
        16   24.8176   1.52042  0.424748
        18   44.6802  -2.83599   1.33923
        24   32.39150.00378824 -0.345951
        29   236.569  -3.02746  -1.32592
        15   38.6875  -2.86743   -2.3591
        16   80.4535   2.68998   1.69859
        16   68.6795  -2.23127   2.22507
        22   60.8083  0.303416 -0.795565
        17   45.3505   2.16881  0.369595
        23   82.9906   2.81673 -0.767944
        10   30.0948  -2.19202   -2.3166
        16   52.7463  0.845638   1.13727
        19    49.596  -1.36162 -0.372144
        28    85.636  -1.67569   1.10788
        17   47.6688   1.66428   0.97459
        15   296.903   2.25838  0.341084
        17   25.4571   1.05942  0.043106
        20   102.182  0.802573   0.19978
        19    85.518    1.0973    1.1684
        36   94.4616  0.821349  0.788668
        15   29.1106  -1.63861  0.985852
        21   80.6569  -2.90626  -2.39802
        23    47.936  -0.33658  -2.37067
        35   114.167  -2.03569   1.42215
        13   30.6458  0.167892   2.04328
        32   75.0071   2.52707   0.80428
        15   46.1095  -2.60572 -0.575826
        17   75.0632  -2.65586  0.289121
        10   34.9899   1.39217   1.52258
        31   88.2369   1.59376  -2.32082
        19   71.8082    3.0875  -1.77568
        23   66.8387   1.86885 0.0349073
        14   43.1081   -1.7147 -0.554952
        36   77.5394  -2.14033  0.248425
        15   28.6598  0.641586 0.0403778
        14   92.2645  0.449287 -0.986896
        19   75.0498  0.874869  0.305751
        26   132.847   2.15673  -1.13372
         8   47.0829   1.87727  -2.53034
        15   87.3048  -1.03349   -2.6429
        24    23.243  -2.46503 -0.985916
        30    111.18  -1.71418  0.362998
        13   51.4879   -1.4695 -0.853784
        21    109.34  0.616746  -2.26828
        19   64.1862 -0.575027  -1.54104
        28   87.3305   2.40189  -1.76781
        17   38.5524  0.193308  -1.95066
        18   95.1886   3.11175  -2.83672
        19   52.9423   1.19969  -2.69566
        21   128.239   0.58479  -1.67243
        11     31.47   -1.8207  -1.67159
        15   78.5547-0.0427855  0.225545
        15   46.5427  -3.06842 -0.645228
        31   231.961   1.33855   1.37651
        18   29.9402    2.5574  0.933158
        19   52.0164    1.8935  -1.13922
        11   22.2652  -2.07758  -2.76415
        16   107.112  -1.23117   0.18128
        16     44.59  -1.50801   1.76502
        35    173.12  -2.11538   1.75116
        34   58.1031 -0.971261   1.42298
        21    74.631   1.97712  0.250757
        23   62.6556   1.72257  -1.30438
        19   96.5236      1.42   1.85287
        20    55.784  -1.70325   2.13957
        14   57.4395   2.75398 -0.764862
        21   42.4416 -0.335457 -0.567381
        20   100.597 -0.911066    1.1262
        18    34.003   2.39438   1.49149
        30   124.749  -1.25614 -0.153769
        16   32.2359   2.52044  0.372854
        17   145.392   2.37972  0.378968
        21   75.1918  -2.91274  0.428965
        10   52.8107-0.0223354  -0.85624
         5    33.815  -2.22331  -2.11104
        23   82.9632   2.46113  -0.57612
        19   45.0378  0.078669  -0.09217
        23   67.7247  -1.00548  -2.01357
        15   49.5975  -2.30304 -0.633126
        33   258.097  -2.08524  -1.55418
        12   28.5277  -0.66336  -1.55417
        27   61.2006  0.583864   2.46564
        26   53.8038   -2.9697   2.56917
        13   72.1422   1.48831   0.12522
        15   44.3369 0.0359262  0.104653
        28   78.2531  0.813497  0.287953
        20   50.0758 -0.612971    1.5981
