   16.1218   1.77748 -0.617534    1.8817   114.297
   9.85169     2.781   1.43095   3.12755   224.428
   35.5941   2.98334    1.5493   3.36165   167.626
   53.0827   2.54513  -0.66287   2.63004   103.533
   60.1613  0.310157   1.39526   1.42932   70.6505
   17.4887  0.754711  -2.21217   2.33737   108.184
   24.5673   2.98969 -0.154046   2.99365   68.0482
   7.07862   2.23497   2.05813   3.03826   82.5308
   137.743   2.52666  0.800156   2.65033   499.324
   229.251  0.441062 -0.545096  0.701188   126.054
   234.637   2.35454   0.12044   2.35761   303.663
   91.5081   2.96772  -1.34525   3.25839   313.021
   96.8944   1.40199 -0.679715   1.55807   182.328
   5.38628   1.91347  0.665536   2.02591   153.505
   121.199   2.10656  -2.37485   3.17451   184.793
    26.067  0.704891   0.09413  0.711148   77.5845
   83.0435   0.33558 -0.814823  0.881221   62.1657
   89.0754  0.196639  -0.46669  0.506425   38.5855
   56.9765  0.369311 -0.908953  0.981115   56.3575
   63.0084   0.90153 -0.560819   1.06173   51.2821
   6.03194  0.532219  0.348134  0.635967   20.8283
   38.1051   1.20758 -0.080159   1.21024    85.606
   51.1092   1.57187 -0.446683   1.63411    95.063
   97.8104    2.9524 -0.210929   2.95992   291.174
   126.486   1.46627-0.0134644   1.46633   167.512
   28.6761   1.48613  0.197465   1.49919    121.21
   84.3371   2.96813  0.166957   2.97282   301.976
   115.408  0.490872 -0.730894  0.880432   118.533
   169.262   3.04587   -2.9902   4.26832   359.523
   31.0705   2.47726 -0.897851   2.63495   206.134
    84.925  0.269187  -3.15716   3.16861   271.187
   53.8545   2.74645   -2.2593   3.55632   168.873
   37.2871  0.940093  -1.32281   1.62284   81.1443
   78.5742   2.99013   1.68429   3.43187   741.168
   277.214   2.66984  0.566463   2.72927   210.602
   198.639  0.320293  -1.11783   1.16281   109.304
   57.6249  0.208596  -1.59385   1.60744   125.091
   60.7084   2.85281   1.19449   3.09279   158.248
   3.08354   3.06141   2.78834    4.1409   192.417
    9.6001   2.70365 -0.158587    2.7083   98.4179
   12.8656   2.08415  0.990099   2.30737   97.3269
   3.26545  0.619505   1.14869   1.30509   61.6468
   48.2054   3.00223-0.0684428   3.00301   184.886
   65.4019  0.724919   1.57757   1.73616   120.585
   4.01609   1.53079 -0.652372     1.664   81.9792
   8.90801   1.88667  -1.50134   2.41113   115.987
    23.039   2.64956  -2.19667   3.44173   136.366
   4.89192  0.355884 -0.848971  0.920546   46.9682
   19.0229   1.11877   -1.5443   1.90696   79.3934
    14.131  0.762887  -0.69533   1.03222   40.5775
   8.44789    1.0442  0.569449   1.18938   58.0155
   26.1635   1.66911  -1.10815   2.00348   72.2886
   26.7263   2.75178 0.0405559   2.75208   73.6668
   17.7156    2.7133   -1.6776   3.19004   95.0101
   18.2784   1.70758 -0.528893   1.78762   55.9957
  0.562795    1.8623   1.14871   2.18808   54.4246
    25.476  0.840747   1.07379   1.36377   67.7401
   98.7001  0.940033  -1.35938   1.65275   104.204
   1.66594   1.71184   1.05874   2.01279   93.6314
    82.523  0.968856  0.430515    1.0602   100.056
   117.768   0.66268 -0.703054  0.966142   64.1196
    35.245  0.306176  -1.13357   1.17419    52.915
   24.0767  0.404486  0.470149  0.620201   41.7642
   54.1009  0.731897   1.26184   1.45873    63.424
   30.0242  0.327411  0.791688  0.856719    31.624
   67.5015   2.83252   1.17761   3.06756   266.633
   131.615   2.52757  0.148348   2.53192   108.495
   64.1135  0.923095  -1.02926   1.38256   60.4652
   29.2236   1.97475  -2.19269   2.95085   103.076
   31.0783   2.08764  -1.33355   2.47721   129.148
   32.1982   2.33074  0.472772   2.37821   107.244
   33.5778    2.1399   0.57321   2.21534    102.97
   1.11981  0.243109   1.80632   1.82261   90.4096
   2.49943   2.05565   1.90676   2.80383   119.196
   1.37962   1.81255  0.100439   1.81533    66.258
   2.79605   0.44763  -1.03321   1.12601   129.134
   17.4727   2.55452   -1.1183   2.78857   177.959
   28.3562  0.262137  -2.13214   2.14819   188.973
   44.1894   1.15403  -1.17142   1.64439   104.942
   10.8834   2.29238  -1.01384   2.50657   136.795
   26.7167   2.57464-0.0531216   2.57519   106.722
   15.8332   1.41616  0.960719   1.71129   84.7526
   6.26982   2.14636  0.497059   2.20316   81.9452
   27.3436   2.36875  0.948198   2.55148    65.857
   21.0738  0.222394  0.451139  0.502977   17.2319
   138.191   1.21601   1.00251   1.57598   117.356
   293.786  0.510362 -0.226385  0.558318   107.466
   300.348   2.40644 -0.217389   2.41624   271.893
   322.625    2.6789  0.214415   2.68747   221.598
   6.56161   1.896080.00899642    1.8961   95.9502
   28.8392   2.16854    0.4408   2.21289   83.0022
   22.2776  0.272464  0.431804  0.510579   25.2269
   38.1287   1.13428 -0.192648   1.15053   87.5066
   57.4579    2.1996   0.57516   2.27356   123.328
   76.3868    1.4141  -2.72517   3.07021   190.265
   19.3293    2.9493  0.767808   3.04761    110.61
   38.2581  0.279814  -2.53252   2.54793   126.995
   18.9288   2.66949  -3.30033    4.2448    172.38
   98.4533   2.29842 -0.601903   2.37592   120.606
   101.375   2.07567  -1.26442   2.43046   129.972
   2.92179  0.222747 -0.662513  0.698956   23.5329
   58.0644   1.45376  -0.14722   1.46119   122.168
   14.7143   1.66504   1.18036   2.04099   70.0095
   28.8279   2.57038   2.35198   3.48406   339.424
   91.0047   1.74506   3.73987   4.12697   316.612
   62.1768   1.96775   1.38788   2.40796   94.4281
   107.997  0.499714    1.5054   1.58618   132.326
   113.978   1.64567 -0.799219   1.82948   117.068
   5.98121   2.14539  -2.30462   3.14865   120.378
   68.6489   2.26132  0.514289   2.31906   119.275
   62.4187   2.71261  -0.96234   2.87826   123.855
   34.5979     1.422  0.541934   1.52177   77.6805
   50.1418  0.986636   2.90558   3.06852   174.784
   15.5439   2.40864   2.36364   3.37466    107.24
   31.8537  0.256018   1.77917    1.7975     92.52
   32.0743   2.55112   2.14031   3.33004   143.604
  0.220583   2.80714  0.361139   2.83027   63.3676
   326.403  0.456199 -0.850267  0.964921   115.265
   106.427   3.09283-0.0189497   3.09289    180.08
   135.966   1.21893   1.75091   2.13342   135.481
    29.539   1.97142   1.76986   2.64932   87.5089
   55.2945   1.88404 -0.517374   1.95379   119.053
   131.183  0.958675  0.194558  0.978218   112.561
   99.6729  0.707696   1.13258   1.33551   113.224
   10.4597   2.14041  0.443031   2.18578   108.527
   27.4198   1.90746  -1.03504   2.17019   91.7365
   38.4608  0.633541  0.192516  0.662145   50.9507
   50.9782    2.0553  0.157632   2.06134   110.401
   12.5174   1.42176-0.0348836   1.42219   65.1273
   72.7062   2.82095 -0.293684    2.8362   87.5631
   57.8558   1.08166 -0.753023   1.31796    121.42
   140.684   2.16977  0.697097     2.279   275.401
   141.182   1.51653   1.16169   1.91034   265.862
   185.261   2.87879 0.0183871   2.87885   203.537
  0.498008   2.59689  0.464594   2.63812   178.762
   44.5775   1.23462  -0.67871   1.40888   87.2807
   44.0795   1.36227   -1.1433   1.77846   112.181
   3.54582    1.7124 0.0995886    1.7153   81.7258
   8.79785   1.91265 -0.818899   2.08058   128.648
   57.0996    1.3889 -0.557843   1.49674   85.9751
   11.1105   2.09842 -0.699512   2.21194   116.672
  0.146384   1.91525  -1.26364   2.29455   113.085
   58.8642   3.13192   1.17491   3.34504   169.373
   19.2201   2.06383 -0.600225   2.14934   103.506
    44.119    1.4254  -0.54426   1.52577   56.5102
   24.8989  0.638429 0.0559649  0.640878    22.866
   101.777  0.954447  0.922684   1.32752   124.956
   37.6048   1.89007  0.406052    1.9332   217.855
   97.5343   0.46746 -0.428163  0.633911   62.3643
   128.035   0.64044  0.302287  0.708196   47.6106
   59.9295   1.42261 -0.834215   1.64916    119.88
     90.43   1.24963 -0.103764   1.25393   59.3012
   30.5005   0.17298   0.73045  0.750653   28.7151
   18.9433    1.0119 -0.530502   1.14253   39.2056
   21.0868   1.37795  -1.41221   1.97309    66.575
   2.14343   2.38985 -0.881711   2.54731   52.2528
   40.6359   1.60381  -0.28683   1.62926   55.3353
   75.7867   1.82593  0.595337   1.92054   101.696
   46.0133   0.39931   1.51597   1.56768   116.907
   29.2016  0.363923  0.485582   0.60682   55.3631
   68.9844  0.787183 -0.301424  0.842919   44.5967
   39.7827  0.423259 -0.787007  0.893604   41.7991
   39.0306   1.60789 -0.729109   1.76548   97.7652
   54.7991   1.22253 -0.140962   1.23063   57.1367
   56.8494 0.0391941   2.63922   2.63951   162.116
   62.3347  0.510421   2.97044   3.01398   174.856
   15.7685  0.385368  0.588147  0.703154   27.0547
   17.8188   1.64709   3.36833   3.74947   182.247
   23.3041   1.09747   3.69955    3.8589   188.557
   2.05028   1.26172   2.78018   3.05309   107.372
   7.53563  0.712105    3.1114   3.19185   110.859
   5.48534  0.549615  0.331221  0.641704   17.8944
   43.4629   1.60308  0.637821    1.7253   92.5656
   94.3367  0.290965  0.420661  0.511484   61.9899
   95.0089  0.639436 -0.305696  0.708751   78.9398
  0.672154  0.930401 -0.726357   1.18036   81.1459
   3.98516    2.4002   1.41954   2.78856   86.2651
   7.90736  0.372958   3.38404   3.40453    176.48
   3.92219   2.02725    1.9645   2.82294   90.9417
   122.788   1.15148   3.40033   3.59001   462.395
   132.357   1.44722  0.350272   1.48901   105.143
    143.85   1.04119   2.46479   2.67568   203.342
   9.56892  0.295738  -3.05006   3.06436   171.038
   21.0617   2.19267 -0.935534   2.38391   64.1206
   11.4928   2.48841   2.11452   3.26548   88.6108
   489.851   2.85038 -0.135445   2.85359   442.318
   53.7404    2.1951  0.690099   2.30103   88.6806
     90.66   1.86821    1.3219   2.28859   129.401
   97.5973  0.178801   1.33321   1.34515   77.4904
   6.93722   2.04702 0.0113123   2.04705   45.2441
   87.3787  0.743827  -3.01457   3.10498    377.28
   99.2919  0.834136  -1.21708   1.47549   118.338
   11.9132   1.57796    1.7975   2.39185   118.499
   27.6775   0.67665   1.20845   1.38499   68.9621
   39.9511   2.16315   1.63927   2.71412   106.913
   58.7941   2.89074  0.327344   2.90922   103.575
   10.6168   2.33367  -0.46473   2.37949     133.3
   45.0689   1.39696  -1.55744   2.09216   103.392
   50.5475   1.82729  -1.43686   2.32456   96.7949
   51.6085    2.8798 -0.211803   2.88758   84.5467
   34.4521  0.936707  -1.09271   1.43925   67.0678
   39.9307   2.12222 -0.972133   2.33428   81.9878
   40.9918   1.06971  0.252926    1.0992   44.3275
   5.47858   3.05893   0.12058   3.06131   55.1042
   6.53964   2.00642   1.34564   2.41588   60.3135
   1.06107   1.05251   1.22506    1.6151   41.3648
  0.892192   1.40956  0.653629   1.55373    106.38
   49.1039   1.36587   3.12407   3.40961   224.233
   19.8388   2.37031  0.327874   2.39288   91.6361
   128.187   2.63255  0.811789   2.75487   119.877
   50.2303   1.70555   1.04117   1.99823   100.474
   55.9021   3.11331  -1.23871   3.35068   117.967
   58.2965   2.57923 -0.663913   2.66331   95.6791
   5.67177   1.46433  -2.27988   2.70963   97.7989
   8.06619    1.9984  -1.70509   2.62696   76.3155
   2.39442  0.534074  0.574793  0.784616   23.0734
   16.6426   2.20019 0.0515602   2.20079   84.6685
   72.1802   1.90221   1.29637   2.30195   128.669
   128.422   1.40307   1.30142   1.91372   207.966
   159.766    2.0871   1.83455   2.77877    207.84
   31.3436   2.79302  0.533129   2.84345   89.0747
   126.403   2.15242   1.53781   2.64533   205.027
   135.875   1.52311 -0.629919   1.64823   113.327
   9.47215  0.629303  -2.16773   2.25722   99.9984
   18.9757   2.83752  0.611116   2.90258   131.128
   36.5741  0.345272  0.919642  0.982321   53.1947
   17.5984   2.49224  0.308526   2.51127   86.2615
   15.8669   1.37542  0.598197   1.49987   77.2163
   64.9856   2.81168   1.03211   2.99513   113.507
   90.0002   1.03778 -0.156061   1.04945   102.793
   101.556   2.59288  -1.02117   2.78672   200.249
   120.758  0.393576  -1.68774   1.73302   141.376
   11.5554   2.65253  -0.86511   2.79004   126.094
   30.7577  0.644206  -1.53168   1.66164   85.7853
   19.2023   2.98645 -0.666569   3.05994   89.7827
   148.914   1.66185  0.109969   1.66548   104.952
   150.525    0.8218    2.5689   2.69715   234.255
   1.61074  0.840049   2.45893   2.59847   87.9115
   27.7909   1.89416 -0.302776    1.9182    94.142
  0.188569    2.4138  0.171914   2.41991   82.3048
   20.3601   2.90771   0.47996   2.94705   65.3205
   20.1715  0.493913  0.308046  0.582102   21.1453
    69.391 0.0815694   0.71737  0.721992   67.7573
    20.669   2.82851   1.72268   3.31182   193.214
   50.6798  0.968004  -1.19182   1.53541   78.1783
   30.0108   2.48667   -2.9145   3.83117   189.826
   91.5684   1.77399  -1.59936   2.38852   175.838
   282.845  0.641789  0.558467  0.850752   92.0217
   35.0469     1.421  -1.21252   1.86801   124.098
   9.78367   1.63269   0.89197   1.86045   120.332
   31.8376  0.211848 -0.508418  0.550789   56.5264
   39.5651  0.676378 -0.126613  0.688126   62.1131
   7.72754  0.888226  0.381804   0.96681   67.4702
   67.7259   1.41069  0.408122   1.46854   104.834
   73.2601   2.08626   1.27581   2.44544   158.917
   5.53419  0.675569  0.867689   1.09967   54.8185
   55.8567   1.35174   2.61889   2.94716   250.801
   66.9025    2.6337 0.0639335   2.63448   115.802
   81.2532   1.86981-0.0575721    1.8707   74.9043
   11.0458   2.29774  -2.55495   3.43619   151.074
   25.3965   0.51807  -2.67646   2.72614   110.945
   14.3507   1.77967 -0.121506   1.78381   42.1728
   9.88054  0.590932-0.0896364  0.597692   28.6266
   20.5146  0.561375   2.10214    2.1758   94.1004
    10.634 0.0295574   2.19177   2.19197   87.2104
   2.83629   2.07969 -0.130802    2.0838   100.222
   3.96804   1.47199   -0.8411   1.69535   66.0995
   6.85951   2.28914 -0.681009   2.38829   119.077
   27.1738   1.76671  0.331776   1.79759   104.337
   56.6358    1.1264 -0.050022   1.12751   50.5991
    29.462  0.640314 -0.381798  0.745501   27.8339
   3.81083   1.68558  -3.49391   3.87925   351.439
   6.17968   3.02609  -2.14319   3.70817   195.115
   2.36884   1.57151   1.35072   2.07222   116.671
   120.087   2.02043  0.430306   2.06574   157.121
   132.967   1.35448 -0.824531   1.58571   117.973
   143.378    1.2732   1.60472   2.04845    137.63
   12.8801   2.90828  -1.25484   3.16744   97.2325
   23.2913   2.98956   1.17442   3.21196   79.1752
   10.4112 0.0812834   2.42925   2.43061   89.3234
   0.73097  0.478129 -0.967261   1.07898   99.1143
   37.9005   1.97481  0.178845   1.98289   113.074
   66.5043   3.01463 -0.251796   3.02513   88.3044
   37.1695   2.45294   1.14611   2.70748   149.326
   65.7734    2.5365  0.715466   2.63548   89.2228
   28.6039   1.29374 -0.430641   1.36353   44.4571
   71.0627  0.885555  0.201376  0.908163   87.7117
   33.6083   1.00329  -1.22903   1.58654   62.0202
   14.6043  0.422264 -0.259901  0.495838   28.4823
   25.4223   2.72641  0.644816   2.80162   86.3492
   32.0516  0.718499   1.01453   1.24319    49.048
    10.818   3.13451  0.904717   3.26247   78.7826
   17.4473   1.14076   1.27443   1.71041   55.5774
   6.62929   2.00791  0.369716   2.04166   47.2915
   11.3014   2.51113  -0.18862    2.5182   87.0051
    29.745    1.5011  0.413569   1.55702   49.0731
   18.4436   1.01003  0.602189   1.17593   35.5395
   40.8383   0.07011   1.20186    1.2039    125.71
   62.0676  0.151708   1.17776   1.18749   88.4036
   8.29486   2.82114  -1.64943   3.26794   117.571
   9.02733  0.379477   -2.5536   2.58164    143.58
  0.732464   3.08257 -0.904164   3.21244   86.2989
   46.7473   2.71856   3.22732   4.21973   519.632
   51.6163   2.57621  0.319563   2.59595    188.71
   100.623   1.66081-0.0413536   1.66132   84.2738
   4.86906  0.988415  -2.90775   3.07115    319.45
    53.876   1.90381  -3.26867   3.78268    233.69
    49.007  0.915398 -0.360916  0.983979   43.3854
   50.6744   1.72505  0.173554   1.73375   113.562
   40.5621   2.56139  0.115652     2.564   109.936
   34.8526   2.73613   1.33519   3.04452   170.662
   76.9126   2.40207  0.357203   2.42849    99.612
   57.3776   1.67485  -0.14515   1.68113    106.52
   32.0478   1.54675  0.696296   1.69625   87.7378
   47.9943   2.00509-0.00424725   2.00509   109.687
   66.2519  0.128252 -0.758879   0.76964   43.2062
   18.2576   2.13334 -0.754631   2.26288   66.9478
   20.3638   0.84286    -2.362   2.50788   241.739
   1.50611  0.793439 0.0576509  0.795531   47.1819
   24.0729   1.06968 -0.681761   1.26847   56.4373
   22.5667  0.276244 -0.739412   0.78933   39.0019
    137.77   2.51258   1.19052   2.78036   173.014
   140.042   1.09409 -0.412345   1.16921   83.4013
   2.27226   2.67651  -1.60287   3.11976    85.399
    48.818   2.33285   1.33726   2.68895   116.662
    5.8874   3.079470.00747583   3.07948   297.211
   27.0525    2.8906   1.77961   3.39449   310.401
   80.9664  0.716322  0.981841   1.21537   91.7826
   53.9138   2.67626 -0.797767   2.79263   136.297
   48.5436   2.71044-0.0319377   2.71063   118.313
   64.5745   2.99758 0.0765573   2.99856   93.8133
   68.2198   2.39711   2.06216   3.16207   132.244
   16.0309  0.575161  0.108495  0.585305   21.4421
   19.6762  0.313327    2.0941   2.11741   73.1207
   3.64534  0.888488   1.98561   2.17533   55.5377
   5.06484    1.7886  -1.38502   2.26216   105.832
   7.85052  0.101896  -1.61875   1.62195    75.651
   1.74156   1.174080.00989997   1.17412   63.2167
    45.189   1.83676    1.9272   2.66229   108.337
    28.884  0.114701  0.760902  0.769499   63.4568
   39.7341   2.48756 0.0781403   2.48879   133.518
     10.85   2.60227 -0.682762   2.69034   119.822
   128.826  0.477409  -2.21361   2.26451   236.742
   48.4801   1.59872  0.135443   1.60445   122.949
    7.0396   1.87647  -0.81419   2.04549   143.957
   59.1612  0.411508  0.707848  0.818772   41.2491
   52.1215   2.28797   1.52204   2.74799   101.715
   9.84172   1.73304  0.741266   1.88491   115.078
   62.0497   1.90344  -1.15715   2.22758   116.946
   28.5501   2.61318  -1.10455   2.83703   133.657
   31.7757   2.23456  0.325427   2.25813   126.091
   53.0377   2.58939 -0.188133   2.59621    104.63
    21.262   1.45924 -0.513559   1.54697   62.1016
   26.4293   2.05563   2.51149   3.24549   249.833
   39.5374   1.48188  0.285106   1.50906   83.2462
   13.1081   2.74567  -2.22639    3.5349   165.245
    44.137   1.84244   0.99177   2.09241   100.645
   71.2962   2.75264   1.53545   3.15192   113.826
   7.76197   1.83204 -0.342459   1.86378   88.9281
   26.7942  0.473376  0.198845  0.513443   26.4599
   19.0322   2.30542  0.541303   2.36811   75.9371
   41.6472   0.84808  0.253556  0.885173   36.5947
   10.7914   1.59779  -1.40294   2.12631    97.692
   31.1576   1.23177-0.0472647   1.23268    39.206
   20.3663   2.82957   1.35568   3.13756   72.6203
   38.0398   2.26077  0.632474   2.34758   156.389
   8.98744   2.11504   1.84518   2.80679   102.804
   18.0441   1.92476   0.16873   1.93214    80.154
    69.899  0.724431  0.198639  0.751171   117.951
   101.929   1.21837    1.0137   1.58493   98.1203
   36.5694   2.34644  -0.18481    2.3537    88.752
   6.12973  0.600419  -0.17843  0.626371   130.905
   171.185   1.97892 0.0627517   1.97991   132.059
   165.056    1.3785  0.241182   1.39944   99.0838
   39.9741   2.21161 -0.699371   2.31956   84.6499
   52.9437   2.36343  0.959003   2.55059   188.628
   32.9881   2.04741 -0.443271   2.09485   103.502
    44.497   1.39168 -0.400357   1.44812   79.0196
   29.1235   2.05305  0.357639   2.08397   78.6774
   3.25863   2.19234   1.16316   2.48179   104.868
   11.0245   3.00418   1.38244   3.30699    268.46
    83.759   3.09627   2.80427   4.17742   248.697
   90.0534   2.38091   1.53729   2.83408   129.141
   72.7345  0.182736   1.42184   1.43353    85.743
   79.0289  0.623262  0.154855  0.642212   32.9122
   6.29439  0.805999  -1.26698   1.50162   41.2987
   100.618   1.13468 -0.243883    1.1606   64.6177
   55.0613 0.0955357  -1.46498    1.4681    90.687
   78.7772   2.74604   1.63148   3.19412   169.362
   89.4615   1.42946  -1.13207   1.82344   93.8225
   10.6843   2.10769  -2.76355   3.47557   120.716
   34.1652   2.34711 0.0948999   2.34903   111.491
   58.6927  0.112592   1.42078   1.42523   70.0431
   59.0962    1.0727   2.29344   2.53191   135.036
   60.4092   1.62654   2.82765   3.26209   179.403
  0.403541   1.18529  0.872663   1.47189   35.6663
   1.71655   1.51395   1.40688   2.06672   48.5719
   1.31301   2.69924  0.534214   2.75159   47.5057
   99.0435  0.512316 -0.151945  0.534374   41.2434
   2.57881    1.9185  0.468139   1.97479   49.3697
   30.4955    2.6776 -0.309885   2.69548    423.72
   192.898   2.76711  -1.49119   3.14334   238.407
   206.199  0.825879 -0.893837   1.21697   92.5946
   162.402 0.0895086  -1.18131   1.18469   113.362
   175.704   1.85172 -0.583952   1.94162   120.558
   13.3013   1.94123  0.597354   2.03106   53.8033
   76.9159   1.79807   1.34703   2.24668   129.075
     86.33   2.25955   1.42078   2.66912   120.623
    9.4141  0.461476 0.0737502  0.467332   14.2088
   54.9124   1.00427  0.295322   1.04679   111.888
   70.6453   2.45779  -2.70686    3.6562   393.034
   117.043   3.13997  -2.04523   3.74731   166.825
   15.7329   1.45352  -3.00218   3.33554   337.086
   62.1304   2.13895  -2.34056    3.1707   141.687
   46.3976  0.685427  0.661624  0.952657   37.9807
  0.164759   1.46238 0.0454057   1.46308   51.0336
   2.63298   2.56073 0.0216145   2.56082   217.478
   65.9671   3.09179  -1.01421   3.25389   169.027
   63.3342  0.531063  -1.03583   1.16403    89.706
   2.79857   1.74569 -0.164031   1.75338   121.885
   60.8547   2.50675  0.342698   2.53007   114.397
   42.9046   2.29493  -2.52042    3.4087   502.459
   106.235   1.72034   -1.0595   2.02042   171.509
   128.431   1.48788   1.02368   1.80603   119.376
   63.3302   2.26792   1.46092   2.69773   187.684
    85.526  0.807046    3.5441   3.63483    339.24
   22.1958   3.07496   2.08318   3.71417   126.385
   7.65493   2.22212   1.38894   2.62049   97.1615
   20.3932   1.44148 -0.952354   1.72767   139.232
   16.1743   1.55103 -0.712879   1.70701   67.8147
   144.592   2.14401 -0.810017   2.29192   238.033
   169.581   1.49019 -0.543738   1.58629   144.052
   170.653   1.94968   1.70849   2.59233   247.281
   24.9886   2.64898  0.266278   2.66233    109.79
   26.0605  0.194329   2.51851   2.52599   181.684
   1.07189   2.84331   2.25223   3.62725   151.325
   10.3149   2.91115  0.648257   2.98245   118.225
   22.1111     2.613  0.507438   2.66181   99.0813
   38.7565   1.96416   1.75073   2.63115   97.4374
   11.7962  0.759045 -0.140819  0.771997   36.6647
   28.4416   1.40788   1.10247   1.78818   59.9858
   16.6454   0.64884   1.24329   1.40242   45.0631
   7.79823  0.890101    1.4551   1.70575   100.456
   29.1406   1.43248  0.189185   1.44492   101.676
   68.3437   2.95147  0.232985   2.96065   93.1049
   39.2032   1.89923 0.0438005   1.89974   62.9605
    8.8793    2.0281   1.27614   2.39619   137.425
   137.147   1.92225  -2.37545   3.05578   379.205
   6.86615   2.37173 -0.979351   2.56597   167.838
    6.8618   2.98697 -0.159271   2.99122   214.009
   83.3846   1.54284  0.389398   1.59122    80.101
   87.4598  0.375528 -0.495936  0.622072   35.2186
   76.5228   1.44413  0.548669   1.54485   76.9914
    80.598   2.61145 -0.336665   2.63306   95.9431
   4.07523   1.16731 -0.885334   1.46507   36.9135
   10.5527   2.63669 -0.745899   2.74016   144.189
   33.1177   1.73583    1.0196   2.01313   104.913
   22.5649   1.91067    1.7655   2.60147   133.708
   45.3549   2.43742 -0.468067   2.48195   115.857
   51.9399   1.72807 -0.127242   1.73275   84.2451
   54.1326   1.38408   1.56285   2.08762   114.723
   63.6191   2.43442 -0.983517   2.62559   95.3666
   6.58499  0.709351  0.340824  0.786982   30.6809
   8.77771   2.46169   2.03092   3.19132   111.828
   18.26420.00299747  -0.51545  0.515459   17.7291
   2.19272   3.11214   1.69009   3.54145   92.7247
   11.6792  0.706354 -0.856275   1.11002   32.4379
   9.48649   2.46469  -2.54637   3.54382    103.59
   38.0641   2.28031 0.0259164   2.28045   123.571
   40.7646   1.82679 -0.156269   1.83347    105.94
    58.968  0.181579  -0.50578  0.537387   32.0797
   2.70043   2.17609 -0.182186    2.1837   89.5983
   20.9039   2.46188 -0.531696   2.51865   77.8865
   18.2035   1.64521 -0.349511   1.68193   59.1192
   32.1807  0.542997 -0.561296   0.78096   56.9697
    37.673  0.043932   0.50441   0.50632    38.806
   35.9306   2.10283   1.25046   2.44654   118.857
    25.983   2.20556 -0.182104   2.21306   116.303
    41.598   3.02606   1.88354   3.56437   160.915
   15.6151   1.05157   2.06564    2.3179     119.4
    20.512   2.77665   1.03489   2.96324   67.3608
   15.4703   2.00301  0.536185   2.07353   118.769
   101.329   1.83984 -0.883637   2.04104   103.507
   105.569   2.19855   1.34637   2.57805   118.043
   4.23967  0.358703   2.23001   2.25868   63.0354
  0.564266   2.14325 -0.270677   2.16027   68.0648
   11.8858 0.0418928   2.22443   2.22482   87.2442
   11.3215   2.10135   2.49511   3.26209    114.59
   26.4663  0.330396 -0.422121  0.536048   40.8878
   43.7627  0.144864  0.855108  0.867292   55.5768
   64.8284   1.19782  0.277055   1.22944   50.4242
   17.2964  0.185531   1.27723   1.29063   70.5665
   38.3621  0.867423  0.699175   1.11412   40.4347
   21.0658   1.05295 -0.578053   1.20119   35.9171
   89.7185    3.0185 -0.377677   3.04204   420.231
   194.063   2.62997 -0.565552   2.69009   255.159
   209.462   0.49737 -0.942279   1.06549   120.916
   104.344  0.388535 -0.187875  0.431575    56.352
   119.744   2.52113 -0.564602   2.58358   176.107
   15.3994    2.1326 -0.376727   2.16562   97.1408
   41.2952    2.2652   1.36838   2.64643   97.6396
   45.5724   2.18464  -0.26083   2.20015   95.1823
   56.7708   2.98973   -1.4454   3.32079   110.024
   11.1984   1.10882  -1.18457   1.62256   47.5056
   17.3415   1.26986 -0.949405   1.58553   94.6096
   247.008   2.81734 -0.051448   2.81781   774.264
   508.418   0.27933 -0.823411  0.869501   104.419
    261.41   3.09667 -0.771963   3.19144    186.04
   8.82229   2.60583  -1.05028   2.80953   120.336
   10.5498  0.775118  -1.18266   1.41403   79.5765
   1.72749   1.83072 -0.132371    1.8355   78.5399
   51.5321   2.53132   1.65966   3.02689   214.559
   32.1162   3.13574  0.789288   3.23355   172.762
   57.0062   1.70211   1.07637   2.01389   118.576
   61.1829   2.64117  0.595625   2.70749   121.255
     24.89   1.43363  0.287081   1.46209    70.196
   29.0667  0.494575 -0.193663   0.53114   30.3032
   4.17674  0.939056 -0.480744   1.05496   40.8069
   55.0692   2.92705 -0.991489   3.09042   130.947
   69.9007   2.56745   1.57647   3.01282   117.748
   14.8315  0.359606   2.56796   2.59302   96.5367
   58.1962   2.86083  -1.08908   3.06112   328.779
   112.911   1.20229-0.0532853   1.20347    120.15
   54.7153   2.22007    1.0358   2.44981   179.854
   133.979  0.201973  0.821724  0.846182   119.269
   11.6146   2.94366 -0.210275   2.95116   201.103
   71.3432   2.50325   1.84311   3.10859   174.847
   73.9089   1.070660.00724334   1.07068   62.3699
   59.7287  0.440416   2.05339   2.10009   143.706
   62.2943   2.26887  0.217518   2.27927   100.957
   2.56564   2.70928  -1.83587   3.27271   97.1303
   8.11662   2.66174 -0.954036   2.82755   75.3954
   17.8273  0.924051  0.330888  0.981508   29.4916
   9.71065   1.73769   1.28492   2.16116   52.7963
  0.822811   2.76824  0.360161   2.79157   148.656
   83.9085   1.85489 -0.403439   1.89826   113.902
    38.357    2.6067 -0.382987   2.63468   135.721
   53.4826   2.60762 -0.373119   2.63418   114.241
   15.1256   1.06887 0.0098677   1.06891   47.3388
   43.4231    2.1023 -0.876995   2.27789   111.956
   95.1431  0.393267 -0.906726  0.988337   68.4347
   36.7046   1.60994  -1.35906   2.10688    93.198
   34.7033  0.802097  -1.65204   1.83646   81.9528
   38.7791   2.64364 -0.729116   2.74235   77.7767
   40.1198   1.86004  -2.79319   3.35584   150.417
   4.07582   1.84155  0.922923   2.05987   45.8991
   5.41652   2.66214  -1.14115   2.89641   54.7022
   1.34069    1.7795  -2.06407   2.72525   64.5703
   63.7249   1.00517   0.49872   1.12209   109.602
   1.00774   2.54473  0.467798   2.58737   175.478
   16.8456    2.2193  0.928014   2.40551   101.173
   33.4516   2.63336 -0.895259   2.78138   93.1837
    40.657   2.44425 -0.543265    2.5039   120.976
   28.8446   2.92258   3.13047   4.28267   426.812
   49.4582   1.78253  0.107986    1.7858   113.109
   20.6137   1.14005  -3.02248   3.23034   272.315
   64.4343  0.828081  -1.09218   1.37061   85.3074
   39.3068   2.46907 -0.672865   2.55911   127.278
   10.4721   0.10817 -0.638136  0.647239   32.5913
     17.06    2.2247 -0.208996   2.23449   76.4499
   21.2338  0.384263  -1.50081   1.54922   67.9758
   6.58797   2.33287  0.429139   2.37201   70.9402
   10.7618  0.492433 -0.862671  0.993324   36.6947
   4.17378   1.84043  -1.29181   2.24855   68.2727
   29.9539  0.770867 0.0639371  0.773514   58.4847
   34.1826   0.79063  -1.22599   1.45882   105.944
   39.9005   2.54838  -1.81736   3.13002   184.709
   4.22871    1.5615  -1.28993   2.02539   110.796
   9.94655   2.96394   -1.8813   3.51059   156.188
   5.71784   1.75775  -0.59137   1.85456    84.181
   63.7257   3.08185  0.635812   3.14676   102.271
   99.4124   2.08452  -2.47646   3.23699    273.67
   108.225   0.42916 -0.648619  0.777743   56.8327
   8.81299   1.65536   1.82785   2.46602   93.2138
   8.68886  0.859878  -1.63829   1.85024    93.708
    21.861  0.160756  -1.05635   1.06851    44.941
   13.1722   1.02063  0.581933   1.17488    41.136
   85.5092    1.7446   0.39401   1.78854   114.935
   62.1457    2.5385   1.20995   2.81211   94.9602
   7.86378    2.9137  -1.49219   3.27357   213.463
   26.4361   1.57119 0.0179918   1.57129   103.771
   31.1384  0.813569 -0.834036   1.16512   83.3234
   47.0339   1.15542-0.0576791   1.15686   65.6245
   54.0569   3.00535  -1.09613     3.199   123.025
   58.6726   2.13163 -0.333792   2.15761   88.3721
   18.5723    1.7983   1.51018    2.3483   158.968
   23.2746   2.10013  0.658154   2.20084   124.495
   39.1702   1.75828   1.43451   2.26922   123.906
   46.1932  0.364141  0.396056  0.538014   30.7516
   50.8089   1.23786    1.1584   1.69534   80.4837
   4.70235   2.38476 -0.852027   2.53239   120.625
   20.5979   2.72661 -0.075671   2.72766   96.9024
   27.6209   1.43416  -1.11413   1.81606   79.6989
   32.2366  0.560442 -0.351784    0.6617   30.6004
   15.8955  0.341848  0.776357  0.848286   44.0671
   22.9185   2.46427 -0.262098   2.47817   82.1056
   27.5342    2.9452  0.500244   2.98738   81.9376
   7.02302   2.12242  -1.03845   2.36285    74.722
   11.6387   2.99614 -0.276113   3.00883   67.6572
    4.6157  0.873715  0.762342   1.15954   35.8937
   6.04006   2.37311 -0.279446   2.38951   93.8876
    16.613   1.28051  0.650898   1.43644   98.6496
    49.798  0.736129  -1.63327   1.79149   97.1105
    33.185   2.01664  -2.28417     3.047   144.264
   40.4668  0.140876  -0.77846  0.791105   53.9973
   61.1676   1.70813 0.0729349   1.70969   72.7986
   20.7009   1.56726  0.851395   1.78358   58.6291
   82.4648  0.225916   -1.8899   1.90335   282.528
   93.8571   2.13423  0.892832   2.31346   100.453
   32.2785   2.70447-0.0580107   2.70509   95.1034
   25.6552   1.74888 -0.675048   1.87464   138.054
   107.812   2.02568  -1.01764   2.26693   168.991
   122.211   2.17746     -1.97   2.93637   202.464
   14.3991  0.151782 -0.952362  0.964381   40.7473
   74.3676   1.67281  0.935044    1.9164   180.538
   101.193   1.08964  0.398533   1.16024   90.4332
   109.211   1.10307  -0.08122   1.10606   77.3574
   26.8254   2.76245 -0.536512   2.81407   113.253
   34.8435   2.77588  -1.01626   2.95606   111.929
   8.01815 0.0134276 -0.479753  0.479941   22.3723
   12.2234   2.18943 -0.167737   2.19584   116.315
    20.415   1.86123  -1.30863   2.27523   81.2903
   8.11223   1.30486   2.59585   2.90536   322.729
   76.9045   2.32041  0.625588   2.40326   88.9691
    6.7572   1.82519 -0.858956    2.0172   110.803
   18.0678    2.9541 -0.661107   3.02717   194.537
    49.933   2.55813  -1.35348   2.89412   175.721
   64.5909   2.13699 -0.851814    2.3005   121.208
   31.8652  0.770956 -0.692376   1.03622   71.8334
   46.5231    1.1921 -0.190707   1.20726   65.7545
    14.658  0.421142  0.501669  0.655005   33.8461
   31.7366   1.89301 -0.294784   1.91582   140.998
   37.2437   2.34059  0.694379   2.44142   161.889
   62.2473   2.70996   1.81481   3.26151   182.613
   5.50702   2.04959  0.989164    2.2758   135.927
   30.5107   1.68021    2.1096   2.69695   155.842
   25.0036  0.369376   1.12044   1.17975   64.5376
   58.5616   1.66882  -1.47238   2.22551   107.096
   62.4079   1.41836   1.22133   1.87174   79.3101
   36.4668   1.73268   1.01537   2.00827   108.877
   48.2955    2.7957   1.03768   2.98206   107.119
   55.1151   2.02787   1.28202   2.39914   91.1856
   6.81967   1.45961  0.244344   1.47992   34.5712
   87.3029   2.67156 -0.997413   2.85167   111.788
   14.5209   2.47898   1.57187   2.93532    146.58
   31.3449   2.42725  0.411029    2.4618   95.9954
   36.1671   2.04062  0.133067   2.04495   61.0901
   41.2399  0.958317  0.518221   1.08946   124.431
   10.5203     1.385   2.20229    2.6016   95.4892
   30.0785   2.10136  0.534459   2.16826   196.597
   70.1738  0.304524  0.920985  0.970025   85.7611
    89.688   1.69749  -1.93462   2.57376    174.89
   40.0953   1.79684  0.386526   1.83794   114.481
   59.6095   0.40387  -2.46908   2.50189   177.775
   19.5142   1.39297   -2.8556   3.17724   173.985
   4.78532  0.526178 -0.493538  0.721418   127.804
   81.8105   1.73763 -0.848146   1.93358   228.127
   140.369  0.167728    1.7906   1.79844   164.685
   77.0251   2.26381 -0.354608   2.29142   235.921
   135.584  0.358451   2.28414   2.31209   224.781
   58.5587   1.90536   2.63875   3.25475   225.235
   16.0991   1.39725 -0.540617   1.49819   64.9366
   48.1432   2.91943    1.3273   3.20699   124.126
   54.1572    1.6154   1.63512   2.29851   107.871
   6.01408   1.30402  0.307818   1.33986    37.425
   83.7976   1.07449   1.14985   1.57375   102.146
   28.4685   2.24813 -0.312068   2.26968   116.602
   52.9294   2.24573  -1.24395   2.56724   103.173
   56.6106  0.758575   1.67903   1.84243   86.8744
   24.4609   1.78932 -0.931883   2.01745   68.1477
   28.1421   1.48955   1.99109   2.48661   92.4567
   3.68121   3.00431   2.92298   4.19162   112.192
   79.2239   2.93063 -0.693187    3.0115   101.687
   44.4539   1.04346 -0.902236   1.37943   101.844
   31.4603   1.50612  0.884309   1.74654    59.866
   5.48784   2.40719  0.374117   2.43608   154.794
   7.15251   2.26019 -0.594238     2.337   152.913
   1.66467   1.61581 -0.968355   1.88376   136.145
   6.13839  0.912108 -0.766208   1.19122   43.7907
   33.5068   2.75564  -0.72699   2.84992    260.06
   37.5692   1.76087  0.940714    1.9964   96.9481
   46.4899  0.995536   2.75314   2.92761    177.03
   8.92067  0.765334   1.81243   1.96739   72.5618
   87.2741   1.72429  0.914069   1.95159   122.653
   44.8955   2.63155 -0.245539   2.64298   99.4554
   5.73633   2.96951   1.80042   3.47268   783.882
   204.276  0.525233  0.676037  0.856093   124.684
    198.54   2.78844  -1.12439    3.0066   322.541
   44.1194   2.73351  0.337274   2.75424   88.1464
   19.7733   1.89725  -1.30989    2.3055     158.2
   56.2215   2.08357  0.075807   2.08495    82.297
   2.18869  0.792729  0.408792  0.891925   71.8494
   24.8733   2.06336   0.68735   2.17484   120.096
   22.6846   2.85609  0.278558   2.86964   128.934
   55.1349    1.4683   1.26465   1.93785   100.784
   28.3431   1.69893  -0.65701   1.82154   117.746
   29.3479   1.87474 -0.132409   1.87941   115.128
    1.0048   2.70952  0.524601   2.75984     116.4
   20.6004   1.50841  0.540188   1.60222   118.234
   95.2928   1.79635  0.140449   1.80183   92.1734
   70.6937   2.27725  0.445556   2.32043   163.154
   83.9268   2.25032   1.52914    2.7207   188.819
   13.2331   1.75562   1.08359   2.06309   98.4367
   126.622    2.7168   2.15354   3.46681   391.881
   169.836  0.314839   2.86583   2.88308   307.852
   43.2137   3.03164  0.712292    3.1142   99.2262
   114.625      2.05 -0.656915   2.15268   106.505
   110.604   1.30141  0.170832   1.31258   121.865
   39.7414   1.77142  -2.49684   3.06139   170.304
   44.4517  0.646255 -0.993587   1.18527   55.1491
   4.71024   2.41767   1.50325   2.84691   73.3663
   43.6849   2.26875 -0.213407   2.27877   102.495
   36.9715   1.50874-0.0906398   1.51146   92.3305
   23.2049  0.596953  0.348787  0.691379    23.604
   43.1984   1.71517 -0.758975    1.8756   106.083
    21.284    2.4308   1.09772   2.66717   228.313
   44.1512   1.83806 -0.441609   1.89036   86.9549
   9.83822   2.18441  0.497001   2.24023   77.2792
   10.9822   1.42228   2.03743   2.48476   112.955
   18.5853   1.07718 -0.177788   1.09176   40.8097
   1.14397  0.762122   1.54043   1.71865   67.8001
   8.74709    3.0216 -0.674789   3.09603   67.7683
   7.60312   2.49947  -2.21522   3.33984   104.214
   15.4094    2.3627 -0.165875   2.36851   80.8555
   15.9398  0.542241   1.19103   1.30865    60.253
   21.5733   2.84037 -0.250463    2.8514   79.1763
   29.9461   2.16985 -0.671594   2.27141   64.0483
  0.530434   1.82045    1.3569   2.27052   78.1856
   6.16395  0.477678-0.0845882  0.485109   18.9969
   14.5368   1.75064 -0.505719   1.82222    46.017
   5.63351   2.29813  -1.44149    2.7128    79.759
   14.0063    2.7121  -1.86262   3.29011   81.3939
   8.37281   1.27296 -0.421131   1.34081   33.4155
   37.2989   1.77927 -0.991481   2.03687   104.715
   39.1974   2.43877 -0.531712   2.49606   107.037
   55.4567   1.57004  0.108525   1.57379    60.016
   1.89853   2.06514  0.459769    2.1157   70.5817
   18.1579  0.209227   1.10001   1.11973   37.3552
   16.2593   2.27437  0.640237   2.36276   57.2606
   11.7178   2.13746 -0.306594   2.15934   132.813
   55.4715 0.0918194  -1.14037   1.14406   56.0145
   43.7537   2.22928 -0.833771    2.3801   82.8655
   43.0862  0.655491 -0.827069   1.05533   99.5123
   26.3796  0.588457   1.85517   1.94626   88.4057
    19.473  0.904194-0.0226395  0.904477   54.1614
   13.5655  0.752811  0.299446   0.81018   32.4055
   21.7915   2.41955 -0.493116   2.46928   61.6446
   8.22599   1.66673 -0.792563   1.84558   45.1875
   59.1239   2.96051  0.559173   3.01285   98.9216
   249.334   2.49935 -0.821684   2.63095   590.479
    283.93   2.89067  -1.60571   3.30671   684.194
   355.915   2.24407 -0.497101   2.29846   345.073
   34.5962  0.391321 -0.784031  0.876263    156.63
   106.581  0.255286  0.324582  0.412946   57.9452
   71.9843  0.646607   1.10861    1.2834   146.959
   146.727   2.79666  0.925178   2.94572   763.593
   207.181   3.06866  0.669737   3.14089   652.159
    321.88   1.12777   2.75641    2.9782   826.086
   60.4538  0.417865 -0.255441  0.489757   123.746
   175.153   2.35875   1.83123   2.98616   477.012
   114.699   1.94089   2.08668   2.84978   450.407
   25.8707   1.63053  -1.24098   2.04907   120.814
   10.7802  0.501296   0.85203  0.988561   31.4257
   19.7599   1.99169 -0.745882   2.12678   59.8657
   89.6311   1.73085-0.0643013   1.73204   124.875
    23.926   2.58841  0.398309   2.61887   142.669
   25.4377   2.26758  0.248976   2.28121   130.578
   41.9177   1.61124  0.921209   1.85599   105.004
   51.2145   1.06913  0.607889   1.22986   65.4126
   1.51169    1.4272 -0.149332   1.43499   82.0966
   17.9916   2.08354  0.522901   2.14816    94.045
   27.2885   1.51928   0.20958   1.53367   65.8697
   16.4799  0.656346  0.672233  0.939514   49.7894
   25.7768   2.94648  0.358912   2.96826   91.4642
   9.29685   2.68036 -0.313321   2.69861   75.6623
   3.76398   2.97407   2.23324    3.7192   298.001
   30.9954   1.06377 -0.977426   1.44463   105.741
   27.2314   2.24535  -3.21066    3.9179   364.208
   65.9173   2.94052 -0.100578   2.94224   286.217
   120.726   2.48108   1.17903   2.74698   234.586
   54.8088  0.459441    1.2796   1.35959   119.639
   43.8958   1.51378  -1.76691    2.3267    130.34
   99.6371   1.57385  -1.78082   2.37662   243.577
   116.836   3.03917  0.520173   3.08337   171.845
   17.1993   1.67017     2.301   2.84324   162.386
   20.3856  0.766343   1.55299   1.73177   99.8615
   27.7348   2.31819   1.94081   3.02336   107.333
   34.6844   2.64975  -0.71699   2.74505   130.657
   40.5502   2.19232  -2.15524    3.0743   184.881
   61.2942  0.706148  -3.39257   3.46528   221.521
   5.86579  0.457435  -1.43825   1.50924   74.8408
   26.6098   2.92728  -2.67558   3.96581   129.778
    20.744   2.89847  -1.23732   3.15152   70.7327
   30.0855     2.668  0.111985   2.67035   170.953
   17.3821   2.87087 -0.578254   2.92853   119.046
   39.0423    1.1898  0.586455   1.32648   55.9986
   21.6602   1.68107   1.16471   2.04512   73.1515
   45.7703   2.67101  -2.83323   3.89377   296.864
   49.8641   2.11284 -0.137884   2.11733   115.122
   62.6037   2.64561 -0.594661   2.71162   113.328
   4.09377   1.49934   2.69535    3.0843   180.814
   16.8334  0.966568   2.23857   2.43833   116.057
   12.7396   0.53277 -0.456777  0.701776   30.1761
   21.3245   1.93255 -0.270284   1.95135   112.594
   45.9075  0.733748  -1.00178   1.24175   66.3116
    24.583    1.1988 -0.731498   1.40435   60.1555
   20.4601   2.11644 -0.906895   2.30256   108.724
   5.00518   1.83049  0.108875   1.83372   122.501
   34.7142    1.4849  -1.94319   2.44559   101.912
   5.91031   2.74528 -0.173328   2.75074   190.333
   56.4651  0.019909  0.907357  0.907575   65.4955
    60.679  0.935256   1.35126   1.64335   110.039
   60.7469   2.21549   3.16919   3.86681   312.634
    70.535   1.73049 0.0481731   1.73116   83.5227
   50.5548   2.72537   1.08068   2.93181   144.954
   54.7687   2.60265   1.52459   3.01632   156.324
   54.8365   1.32241   3.34252   3.59461   319.678
   64.6247   1.01479  0.221501   1.03868   54.4954
   4.21386  0.955165  0.443905   1.05328   46.5889
   4.28172    2.2354   2.26184   3.18008   137.389
   14.0699   1.71058 -0.859184   1.91423    64.268
  0.067858   1.28024   1.81793   2.22348   96.0063
   9.85606   2.66575  -1.30309    2.9672   82.7917
    9.7882    2.3372  -3.12102   3.89914    167.49
   9.25888   1.59344  -1.77954   2.38869    121.91
   10.6418   1.16366  0.241435   1.18845   55.9227
    13.517   2.86555  -2.15296   3.58422   152.026
   1.38288  0.429781   2.02098   2.06617   107.949
   4.25811   1.82419  -0.37342   1.86202   69.6569
   2.87523   2.25397   -2.3944   3.28839   147.244
   16.7304   1.69392  0.559399    1.7839   114.909
   26.1275  0.446727   -1.5575    1.6203   117.918
   9.39714   1.24719   -2.1169   2.45698   163.677
   26.3136   1.32645   1.16503   1.76544   124.406
   55.9363  0.503112  0.682795  0.848134   44.2741
   29.6227   0.82334 -0.482234  0.954169   40.4066
   8.84095   1.33485   1.05409   1.70087   106.482
   26.5535   1.48642   1.07537   1.83462   94.2961
   17.7126   2.82127  0.021275   2.82135   98.2854
   20.4466 0.0931765   2.35359   2.35543   114.011
   56.8104   0.48546 -0.102159  0.496092   38.4832
   65.0676   1.19089   3.48941   3.68703    344.26
   8.25722   1.67635   3.59157   3.96352   243.137
   10.4548    2.3427   1.09539   2.58614   189.547
   28.9592  0.506493   2.05892    2.1203   192.787
   45.5639   2.08529  0.687891   2.19582   124.265
   71.9149   2.48078   2.68059   3.65238   177.444
   18.5044    1.8362  0.963529   2.07365    135.84
   35.1091    1.8552 -0.407498   1.89943   103.283
   61.4601   1.45971    1.5852    2.1549   91.3522
   16.6047   2.59178  -1.37103   2.93207   133.681
   42.9557   2.98728  0.621672   3.05128   76.2062
    26.351  0.395494    1.9927   2.03157   75.9067
   28.1799   2.15679  0.347134   2.18455   163.551
   35.3236    2.7054  0.581637   2.76722   175.799
   7.14367   1.42099  0.234503   1.44021   98.6145
   42.5785    2.9732  -1.39795   3.28545   184.001
   64.9024   3.10532 -0.823154   3.21257   122.907
   22.3239  0.204662  0.574796  0.610145   29.6668
   78.0748   1.47739 -0.153235   1.48532   78.8683
   72.3341   2.27839    -0.908   2.45265   103.682
   17.4328   1.57738  0.929169   1.83071   102.644
   65.1639   2.20665  -1.12275   2.47585   132.772
   22.6256  0.972163 -0.165541  0.986157   81.8936
   65.5325   1.09272  -3.09079   3.27827   220.285
   42.9069   2.06489  -2.92525   3.58062   184.399
   2.17387    1.8399  0.103806   1.84282   173.658
   3.89863   2.14237  0.247051   2.15657   191.294
   1.72477   2.30092  0.143245   2.30537   195.448
     39.24   2.09166 -0.566186   2.16694     135.1
   55.2334   2.18255-0.0239034   2.18268   114.191
   49.1496   2.38411  0.926991   2.55798   84.5635
   28.6892  0.465452 -0.353414   0.58442   27.1846
   67.5619   2.30449  0.669137   2.39967   104.432
   5.08754     2.215 -0.506269   2.27212   114.541
   16.2094   2.35022  0.822275   2.48991   115.775
   10.9865   2.41298 -0.799529   2.54199   66.6156
   31.2217   2.82999    1.4845   3.19571   323.536
   78.1167    1.9172   2.53992   3.18227   352.915
   100.616  0.308907 -0.337514  0.457536   49.3808
    46.895  0.912787   1.05542   1.39538   123.871
   69.3944    3.1389  -1.82201   3.62938   196.439
   22.4994   2.22611  -2.87743   3.63802   225.313
   81.5721   2.23387 0.0676086   2.23489   88.1002
   48.8703  0.882213  -1.21404   1.50073   96.8277
   53.3158   2.20974   0.33931   2.23564   106.622
   62.8978   0.32426  0.879885  0.937732   51.4403
   68.6235  0.296707   -1.1046   1.14375   56.1117
   4.44547   3.09196   1.55335   3.46022   104.289
   14.0275   1.20647   2.09393   2.41663   94.2725
   19.7532  0.585506  0.109449  0.595648   20.3993
   9.58199   1.88548  0.540575   1.96144   55.6142
   15.3077   2.50645  -1.44391    2.8926   71.0745
   5.72573  0.620967  -1.98448   2.07937   60.4889
   2.16041   2.00592  -3.16527   3.74735   419.773
   18.5654   2.93005 -0.657682   3.00296   159.679
   57.4371   1.58576  0.905619   1.82614   84.8671
   16.4049   1.34721   2.50758   2.84657   257.168
   55.2767    2.6915   4.07089   4.88019   370.624
   38.8718   1.34429    1.5633    2.0618     91.84
   68.6314  0.534293 -0.634265  0.829314    57.312
   89.3895   2.63656   0.17888   2.64262   91.9027
   20.7581   2.10226  0.813145   2.25404   56.0597
   6.02694   2.27841  -2.27391   3.21898   285.196
   39.5548   2.26916 -0.987725   2.47481   137.497
   60.2821   2.39626  -2.03764   3.14548   151.426
   33.5279   1.73561   1.28619   2.16024   132.288
   54.2552   1.60852   0.23627   1.62578     71.79
   20.7273  0.127097  -1.04992   1.05758   43.8675
   35.7961  0.874848 -0.818879    1.1983   70.2441
   82.6829   2.61738 -0.308952   2.63555   112.879
   14.4832   2.59577  0.660716   2.67854   103.361
   19.4794   3.00161 -0.123766   3.00416   94.5058
   4.99611   0.40584 -0.784482  0.883243   40.3124
   12.5086  0.721726  0.510234  0.883871   57.5814
   21.3536   1.67767   1.83553   2.48671    146.69
   8.84498   2.39939   1.32529   2.74107   120.601
   50.9953   2.95382 0.0379602   2.95406   380.628
   176.361   1.20725  0.442421   1.28576   117.252
   125.365   2.12212   0.40446   2.16032   150.207
   49.0281   2.29797  -1.16243   2.57525   108.821
   25.0389   2.39286   1.74782   2.96322   290.452
   187.187   2.72518   1.03519   2.91517   310.723
   204.441   2.10645   1.21574   2.43211    264.47
   17.2542   1.45155   0.18055   1.46273   87.3813
   55.8272   1.14456  0.390743   1.20942   59.1302
   14.8683   3.03412   1.00647    3.1967   452.232
   153.063   2.32788  0.237939   2.34001   198.259
   138.195  0.921181 -0.768532   1.19967   122.581
   15.4131   0.21157  -2.62677   2.63527   243.741
   20.0215   1.77748 -0.934157     2.008   66.9705
   12.5994   1.33265  0.703238   1.50682   115.601
   78.5875   2.50153  0.839847   2.63875   94.8117
   171.466   2.30273  0.509707   2.35846   352.661
   200.517   1.35474  -2.66153   2.98648   605.671
   246.225   2.30017    1.1796     2.585   248.603
   251.134   1.35618 -0.590479   1.47915   152.222
   29.0516  0.947991  -3.17124    3.3099   491.877
   74.75940.00256166  0.669894  0.669898   53.1294
   79.6685  0.946545  -1.10019   1.45133   101.804
   45.7078   0.94543   3.84113   3.95577   418.385
   50.61690.00144681   2.07105   2.07105   147.432
   4.90906  0.943983  -1.77008   2.00606   90.5765
    31.499   1.57771  0.791676    1.7652   99.7451
   191.148   2.75449  0.148681    2.7585   675.242
   300.353   2.68547  0.576544   2.74666   532.356
   305.741   3.05084  0.589237   3.10722    535.43
   333.688   0.48248 -0.233411  0.535973   125.975
   430.513   2.61855 -0.244872   2.62997    190.89
   109.205  0.843223  0.427863  0.945565   186.118
   114.593  0.296349  0.440556  0.530954   106.939
    142.54   3.04622 -0.382092   3.07009   356.646
   239.365  0.135943 -0.393553   0.41637   38.5256
   5.38796  0.546874 0.0126932  0.547022   84.3794
   33.3343   2.20299 -0.809955   2.34717   263.621
    130.16  0.979166 -0.821416   1.27808    74.405
   27.9463   2.74987 -0.822648   2.87028   280.323
   124.772  0.432292 -0.834109  0.939475   56.1138
   96.8253   3.10103-0.0114608   3.10105   100.049
   57.9349   1.94174   1.03141   2.19868   162.757
   89.6301   2.54549  0.295013   2.56253    107.34
   31.6952  0.603748   -0.7364  0.952259   39.7728
   0.63982    1.2296  0.359207   1.28099   49.6524
   64.4551   2.04704   0.72748   2.17246    108.31
   4.59642   1.31177  -2.36185   2.70168   95.2164
   3.10937  0.716967  0.321034   0.78556   27.0348
   8.60015   1.45745  -1.89081   2.38732   76.7405
   5.49078   0.74048  -2.21184    2.3325   79.9894
   2.39827   1.62417 -0.945582   1.87938   110.896
   61.0641   2.45823  -3.12805   3.97839    221.79
   65.4799   1.51977   1.33894   2.02545   124.987
   79.2716  0.315796 -0.501066  0.592279   33.2484
   13.7917   1.20397  -1.84001    2.1989    72.757
   4.84202   1.42558 -0.746052     1.609   116.683
   55.4301   1.78248  -1.66167   2.43688   105.735
   50.5881   3.07512 -0.915616   3.20854   92.6789
   5.80461   2.49589 -0.827344   2.62944   151.122
   31.6222   1.12815  -1.32847   1.74286   117.773
   52.9767   2.25392   -1.1761   2.54231   110.427
   21.3545   1.12576  0.152372   1.13603   43.7084
   7.17712   1.82084  -1.42123   2.30984   91.3895
   53.4542   2.22136   1.11984   2.48767   123.868
     50.69   2.62078   0.87217   2.76209   86.8656
   13.9672   2.82116  0.342822   2.84191   111.175
   25.4827  0.786797 -0.162111  0.803324   40.4484
   11.5156   2.67523 -0.504933   2.72246    85.937
   9.18681   2.20836   0.53117   2.27134   53.4087
   20.5262   1.24353   1.05314   1.62956   120.002
   44.1401    2.3243  0.588868   2.39774   113.691
   23.6139   1.08077  -0.46427   1.17627   59.7453
   10.8223   2.84695   1.39781   3.17159   95.2632
   263.339  0.818971 -0.522492  0.971448   118.827
   4.94561   1.14422    1.3821   1.79428   123.297
   16.5152   2.32982   0.28761   2.34751   111.815
     39.13   2.63367 -0.656311   2.71422   92.9479
   11.5696    1.1856  -1.09449   1.61355   93.4866
   34.1844   2.50529  -2.03841    3.2298   134.242
   22.6148   1.31969 -0.943921   1.62252   62.7115
   39.9514   1.86926   2.92424   3.47063   308.284
    62.576   3.04082 -0.207175   3.04787   106.927
   22.6246   1.37311  -3.13141   3.41923   189.748
   76.6083   2.61819-0.0626891   2.61894   126.079
   86.4868   1.34985   4.14698   4.36114     434.7
   9.87848   2.31514   4.20967   4.80429   254.931
    4.2622  0.415794  -2.11343   2.15394   85.4367
   2.55593   1.75348 -0.562238   1.84142   263.684
   119.526   0.55524  0.153986  0.576197   56.3481
   135.642   2.31398  0.700927   2.41781   128.075
    116.97   1.19824  0.716224   1.39598   112.252
   133.086  0.560497   1.26317   1.38194   94.9412
   16.1158   1.75874  0.546941   1.84182   55.3199
   46.4114   2.95802  0.676289   3.03435   115.562
   70.4073  0.581439  -0.43582  0.726643   61.6176
   23.7492  0.194311  0.975238  0.994408   64.6654
   114.994   2.65396  -1.60494    3.1015   143.772
   41.5968   1.07113  0.817631   1.34753   126.593
   82.2417    2.3379   2.72736   3.59225   265.352
   40.6449   2.87416   1.90973   3.45078   155.437
   51.2373   2.45832 -0.818969   2.59115   103.128
   56.5001   1.63116    0.3555   1.66945   68.6175
   5.26276  0.827159   1.17447   1.43651   41.9236
   10.6159   2.09166  0.340789   2.11924   113.098
   126.809   1.79299 -0.908596   2.01006   116.724
   55.3079  0.793421 -0.822007   1.14246     102.8
   71.7813   1.15829-0.0228933   1.15852   82.7413
   16.4734  0.364868  0.799114  0.878471   52.7216
   30.4713   3.10517   1.23812   3.34291   111.111
   35.5953   1.98905 -0.873802   2.17252   120.877
   6.94543   1.45455 -0.749984   1.63652   103.341
   69.5693   1.08291  -1.03988   1.50135   115.934
   91.5677   1.04185  0.647666   1.22675   68.7655
   21.9984  0.041061   1.68755   1.68805   70.1122
   20.0694  0.312296   1.02468   1.07121   116.455
   51.8999   2.94669  -1.00563   3.11356   188.906
   68.2117   3.02315   1.23938   3.26734   171.629
   31.8305   2.63439  -2.03031   3.32599   233.989
   48.1423   2.71085  0.214704   2.71934   127.323
   16.3118 0.0764579   2.24502   2.24632   145.814
   64.1058  0.226407  -1.08888   1.11217   120.805
   58.7884   3.11225  0.211596   3.11943   96.0083
   3.56589   2.39892  -0.19308   2.40667   123.012
   38.9176   1.01629  -2.02034   2.26155   102.352
   177.167   2.47902 -0.497675   2.52849   223.239
   203.429  0.438387 -0.794751  0.907641   90.0084
   26.2622   2.04064 -0.297075   2.06215    66.094
   133.913  0.627475   1.30254    1.4458   90.5468
     16.44   2.02621   -1.0912   2.30136   121.216
   8.91861   1.80722  0.755679   1.95885   112.186
   21.6712   2.98644-0.0379394   2.98668    135.19
   23.1868    1.2296 -0.676028   1.40319    90.826
   51.7894   2.06073 0.0417837   2.06116   81.2149
   56.1644  0.568346  -2.65708   2.71718   154.051
   1.51561   2.06714 -0.638089   2.16338   104.574
   30.1182  0.925712 0.0797231  0.929138   38.1284
   34.4932    2.4181  -2.61914    3.5647   143.456
   28.6025   2.99285  0.717812   3.07773   83.6229
   32.9776   1.79795  -1.98105   2.67529   101.342
   4.37503   1.49239  -2.69886     3.084   98.1726
   46.3813   2.52434 -0.420648   2.55915   107.914
    92.948  0.457104  0.652553  0.796725   112.249
   133.867   1.13173   1.60798   1.96632   204.786
   40.9192   1.58883  0.955423   1.85398   117.744
   41.2653   1.63601   1.20826   2.03382   99.0476
   29.5441    1.3776  0.578288   1.49406   106.544
   52.6037  0.351668  0.414415  0.543517   35.8829
   56.0639   2.50957  0.929079   2.67603   122.397
   23.0596   1.02594 -0.163873   1.03894   50.2614
   26.5198   2.39601   0.35079   2.42155   89.5827
   3.46023   2.86124  0.514664   2.90716   76.8295
   14.0298   2.21789 -0.440182   2.26115   107.131
   18.3786  0.673444 -0.855596   1.08884   98.1879
    49.414  0.205615  0.749052   0.77676   117.722
   103.615    3.0341   1.52302    3.3949   274.868
   54.2007   3.04347   0.77397   3.14034     190.5
   11.4474   1.89499 0.0597481   1.89594   81.3286
   33.6482   1.47669 -0.516461    1.5644   51.0924
   22.2009  0.418308 -0.576209  0.712038   25.7719
   60.3123   2.91501  0.215721   2.92298   136.641
   22.9032     1.564 -0.582803   1.66906   108.719
   8.66083   1.95964  -0.69092   2.07788   131.339
   37.7691  0.160181 -0.461985  0.488966   32.9233
   31.1221   1.45585   1.87665   2.37515   149.592
   31.9145   2.03501  0.762292   2.17309   108.842
  0.792377  0.579152  -1.11436   1.25587   59.3103
     4.947   1.21256  -1.46223   1.89958   114.635
   115.702   2.95193  0.781437   3.05361    386.08
   9.23888   2.67776 0.0411699   2.67808   180.796
   56.5964   3.04678 -0.376648   3.06997   129.001
   60.6478  0.701881 -0.197647  0.729178   46.1147
   72.5865   1.78899  -1.41397   2.28031   108.689
   47.3576  0.558647 -0.417818  0.697609   44.7391
   51.4089   2.90354 -0.238817   2.91335   114.619
   63.3476   1.81644  -1.45514   2.32742   105.616
   4.05132    2.3449  0.179001   2.35172   72.9235
     15.99   1.25779  -1.03733   1.63036   52.5448
   11.9387   1.08711  -1.21633   1.63133   51.7432
   2.62726   3.10373  -0.41296   3.13108   168.898
   55.7374  0.744237   -1.4275   1.60986   84.2142
   53.1101   2.43522  -1.01454    2.6381   103.231
   39.7392   1.30095  0.855218   1.55688   78.7392
   63.6685    2.5235 0.0302385   2.52368   87.9924
   4.52811   2.58307  -0.16204   2.58815   101.274
   38.5815   2.26773 0.0761291   2.26901    86.739
   59.7689   2.74724 0.0714415   2.74817   122.441
   43.1666   2.46768 -0.193913   2.47528   136.218
   35.5198  0.786533   1.19663   1.43198    66.583
   38.1937   3.01496-0.0644783   3.01565   83.9992
   42.2946   2.41527 0.0949361   2.41714    72.715
   2.67393   2.22843  -1.26111   2.56052   63.6612
   6.77482   1.62874  -1.10169   1.96635   48.9355
   4.10089  0.599688  0.159414  0.620514   17.7941
   59.6486   2.69966 -0.481946   2.74234   187.146
   102.374   1.89793    -2.511   3.14758   207.889
   102.403   2.39651 -0.603109   2.47124   111.232
   103.219 0.0217944  -3.09109   3.09117   248.595
   106.657   3.13957  -2.86203    4.2483   228.081
   42.7253  0.801727  -2.02905    2.1817    106.83
   42.7549   1.18701 -0.121162   1.19318   47.6081
   43.5705   2.72145  -2.60914   3.77014   159.161
   47.0082  0.439911  -2.38008   2.42039   113.987
 0.0295424   1.98874   1.90789   2.75593   71.2318
  0.845119   1.91973  -0.58009   2.00546   44.0593
   4.28285   1.24164 -0.351026    1.2903   30.0103
  0.815577   2.37472  -2.48798   3.43938   90.7029
   4.25331  0.747102  -2.25892   2.37926   66.1446
   3.43773   3.12182  0.229065   3.13021   45.1045
   13.4995   1.07791 -0.208169   1.09783   45.6694
   30.2315    2.3546  0.609668   2.43225   110.995
   48.7414   1.90834  0.324341   1.93571   110.249
   61.4645   2.57736  -0.14101   2.58121   109.016
   12.7231  0.669013 -0.465351  0.814942   34.0239
   21.9574   2.03167   1.55066   2.55582   87.9997
   17.8111   2.38262   0.33601    2.4062   65.6462
   40.3516   2.94799 0.0966142   2.94958   108.211
   56.7371  0.511889   1.63469   1.71296    78.053
   16.3855    2.8233   1.53807   3.21507   73.5033
   138.761   1.58247 -0.356353   1.62209   105.764
   19.4415   3.11614 -0.614129   3.17608   85.8608
    143.81   3.03245  0.971557   3.18428    870.05
   404.187     1.374 0.0664663   1.37561    218.11
   421.321   2.36137   2.08777   3.15197    445.14
   260.377   1.65845 -0.905091   1.88935   253.041
   277.511  0.889362   1.11622    1.4272   184.901
   17.1342   2.54781   2.02131   3.25223   159.657
    21.593   2.33082  0.523856   2.38896   221.875
   73.5237   1.16046  0.975918   1.51627    124.35
   51.9307   1.17036  0.452062   1.25464   91.0439
   55.7727   2.79658 -0.532014   2.84673    105.77
   20.4634   1.09634   -1.1305    1.5748   62.1081
   21.0194   1.77366 -0.417921   1.82223   62.2905
  0.555976      2.87  0.712577   2.95714   62.7023
  0.345358  0.696442   1.52845   1.67964   87.9174
    61.812   1.84648 -0.395765   1.88842   122.866
   79.7792   2.39112   1.42764   2.78489   143.162
   17.9672  0.544644    1.8234   1.90301     84.57
   68.2603   2.69686  0.860564   2.83084    514.69
   145.978   2.56645   1.74605   3.10409   521.823
   241.565   1.11018   2.14237   2.41294   271.765
   77.7182   1.01987  0.885483   1.35063   222.141
   173.304   1.58668   1.28181   2.03975   167.872
   95.5863   2.60655  0.396325   2.63651   130.275
   14.0315    1.0364  -2.00924   2.26079   100.527
    15.065   1.90711  0.050174   1.90777   106.636
   34.7529   2.99776 -0.440466   3.02995   108.147
   19.6879   1.37831  -0.49064   1.46304   64.6866
   5.25798  0.644018   -3.9486   4.00078   420.803
   13.5983   1.52766  -3.30621   3.64208    286.31
   8.34029   2.17168  0.642393    2.2647   98.9265
   6.57113   2.42708   0.32467    2.4487   90.5648
   113.093  0.492662   1.07862   1.18581   126.687
   50.4822   2.41556   1.13176   2.66754   231.133
   97.3288   1.84268  -1.51471   2.38533   156.741
   46.8466  0.572873  -2.64647   2.70776   189.326
   27.1503   2.35874    2.2928   3.28947    210.98
    54.294    1.5975 0.0222809   1.59765   61.8301
   27.1437  0.761247  -2.27052   2.39474   98.8528
   24.0731   2.34393 -0.942508   2.52632   168.536
   57.8354   2.45474 -0.102518   2.45688   109.565
   33.7623   0.11081   0.83999  0.847267   45.4272
   17.5798   1.87591 -0.215968    1.8883   120.375
   536.456   2.49448   0.73568    2.6007   585.577
   561.214   2.26553 -0.912806   2.44251   523.966
     632.9   2.51542   1.34301   2.85149   314.901
   24.7574   1.52318  -1.64849   2.24446   246.082
    96.444 0.0209393  0.607335  0.607696   37.8695
   71.6866   1.50224   2.25582   2.71025   143.567
   86.6598   1.75869  -2.83638   3.33737   331.212
   99.4258   1.73694  0.057281   1.73789   103.485
    12.766  0.021747   2.89366   2.89374   160.695
   9.53172    1.5332 -0.614655   1.65182   49.3466
   25.5575   2.15693   1.24312   2.48951    120.83
   37.0742    0.7665  -1.05124   1.30101   107.873
   29.0656   2.92171 -0.647237   2.99254    267.16
   116.607    2.1666  0.213725   2.17712   110.801
   87.5413  0.755101  0.860962   1.14518   62.7842
    3.0424    1.8022 -0.794383   1.96951   99.8952
   2.85088   1.39176  0.429648   1.45657    160.03
   89.9186   2.78013  0.658336   2.85702   122.453
   87.0678   1.38837  0.228687   1.40708   76.6519
   32.3166   1.17776  -1.36844   1.80548   94.4043
   138.058  0.144431   2.43507   2.43935   195.772
   153.691   2.03236 -0.507341   2.09473   311.581
   196.465   2.57401  -1.25139   2.86208   320.929
   42.7737  0.541651 -0.744047  0.920321    89.821
   9.77255   2.18429  -1.66899   2.74894   203.298
   61.7475  0.678198  -2.92676   3.00431   177.287
   62.2013   2.27012  -2.76818   3.57998   175.915
    51.975   1.50609  -1.25778   1.96222   77.9481
   52.4288   1.82878  -1.09919   2.13369   78.8208
  0.453802   2.94832  0.158589   2.95258   43.1019
   72.8076   1.50976  0.031955    1.5101   123.587
   51.2467    1.1502  0.700702   1.34683   99.3108
    53.961 0.0560889  0.781162  0.783173   62.1815
   78.1963  0.456006 -0.422363  0.621556   37.9683
    2.7143   1.09411   0.08046   1.09707   55.8353
   26.9496  0.694196  -1.12306    1.3203   53.1032
   24.2353  0.399917  -1.20352   1.26823   50.9332
   77.0113   2.82505 -0.648112   2.89844   197.172
   16.3794   2.13353    2.4018   3.21257   97.3045
   16.7187  0.490654  0.684045  0.841818    26.046
  0.339334   1.64288  -1.71775   2.37691   51.0028
    151.76    1.2402  0.194401   1.25534   95.4151
   16.7295   1.46397  0.197687   1.47726   117.175
   72.4176   1.49462   -1.0968   1.85388   83.0414
   55.6882   2.95859  -1.29448   3.22939   102.058
   17.7539   2.93814 -0.523501   2.98441   163.041
   55.9112   1.88266   1.56816   2.45022   128.142
   38.1573   1.46238   2.09167   2.55218    137.05
   58.7756    1.8952  -1.16554   2.22492   348.539
   100.209   2.53959   0.28028   2.55501    108.21
    29.603   2.44362 -0.638644    2.5257   65.1131
   33.9694    3.0709  0.725376    3.1554   334.003
   25.2095   2.96299-0.0190308   2.96305   344.907
   111.366  0.761791  0.287205  0.814133   96.0261
    164.38   2.84409  -1.30977   3.13119   155.091
   86.1562    2.5584  0.306236   2.57667   212.554
   139.171  0.476099  -1.29073   1.37574   87.7895
   53.0147    2.0823  -1.59697   2.62418    99.989
   5.30463 0.0285833    1.4991   1.49937   92.8074
   7.37623  0.288325   1.12603   1.16236      68.8
   22.0149   2.39148   1.52633   2.83705   116.216
    35.464    1.3088   1.70855   2.15223   84.4989
    2.0716  0.259741 -0.373069  0.454583   28.3819
   16.7102   2.42006 0.0272253   2.42021   82.8183
   30.1593   1.33738  0.209445   1.35368   45.2123
   14.6386    2.6798  0.400294   2.70953   86.4724
   28.0877   1.59712  0.582514   1.70004   54.4574
   13.4491   1.08268   0.18222   1.09791   32.0732
   35.4415  0.251111  0.526678  0.583478   28.1762
   36.2887     2.182  -1.30307   2.54148   84.3809
  0.847246   2.43311  -1.82975   3.04434   65.7049
   56.6026   2.29019  0.187056   2.29781   100.981
   3.85277   1.90848  0.929595   2.12284   97.3358
    76.243   0.56903  -0.82077  0.998728   107.052
   24.9127   1.62837  -1.00799   1.91511   69.9654
   63.5803   2.09538 0.0145704   2.09543   100.518
   76.9471  0.487229   2.36382   2.41351    135.26
   13.3668   2.58261   2.34925   3.49126   93.3188
  0.759806   2.96075 -0.779816   3.06173   129.922
   6.04338   1.37182  -0.72665   1.55238   86.8045
     39.29   1.93219  -2.19416   2.92364   113.099
   5.28357   1.95062 0.0531661   1.95134   95.7849
   38.5302   1.02857  -1.41434    1.7488   66.1699
   33.2466   2.97918  -1.46751   3.32101   87.5496
   70.8416  0.951705  0.207748  0.974116   54.7168
   73.0841    2.2071  -0.71983   2.32152    106.16
   2.24248    1.2554 -0.927578    1.5609   47.0883
   101.363   1.01807 -0.133348   1.02676   88.2523
   21.8915  0.700019  0.920549   1.15648    124.15
    105.86   2.50499  0.119959   2.50787   185.856
   11.7878   2.13176  0.110187    2.1346    72.647
   13.5412   1.05839 -0.516511    1.1777   46.4854
   1.75339   1.07337 -0.626699   1.24293   42.6497
   65.6829  0.321213  0.329836  0.460402   125.465
   20.4039   3.12205 -0.826454   3.22959   90.3156
      26.7   2.06638   -1.3632   2.47553   84.1076
   6.29618   1.05567 -0.536741   1.18428   34.3432
   11.0783   1.12094    1.1597   1.61289   121.918
   51.3527   2.97878  -1.67782    3.4188   133.504
   40.2744   1.85784  -2.83752   3.39162   190.375
   26.9514  0.753543  0.205133  0.780965   52.0573
   28.6443   0.64776-0.0481149  0.649544   42.8754
   43.0235   2.05729   -1.1378   2.35096   113.738
    1.6929    1.4013 -0.253248     1.424   68.8534
   16.0721   1.30375  -1.34293   1.87169   84.2255
   14.3792   2.70505  -1.08968   2.91628   97.9938
   45.2925   2.74026   0.52558   2.79021   107.454
   6.18484  0.854519-0.0133066  0.854623   127.582
   17.8217   2.71007  0.626465   2.78153     296.7
   11.6369    2.7186  0.639772   2.79286   292.162
   50.6428   2.93267 -0.720201   3.01981   126.551
     6.838   1.31114   1.78584   2.21547   94.4598
    22.492   3.09073  -1.00397   3.24971   67.3428
    15.654   1.77959  -2.78981   3.30907   111.414
   49.3255   2.09882   -1.0465   2.34525   95.1473
   5.23316   2.92375  -1.75638   3.41075   550.169
   75.5377   2.33883  -1.09364    2.5819   337.813
   172.537   2.55097  -1.60669   3.01478   183.367
   70.3045    1.0206  0.662734    1.2169   185.908
   167.304  0.808467  0.149688  0.822208   62.3028
   96.9997  0.212136 -0.513046  0.555174   36.7863
   35.9813    2.1026  0.711392   2.21969   93.9797
   3.89506   2.41721  0.323603   2.43878   219.538
    24.129  0.944501  0.282803  0.985931   102.608
   76.6733  0.411969  -1.57048   1.62362     124.8
    20.234   2.92147-0.0408001   2.92176   205.176
   72.7783   2.00524  -1.89409   2.75836   188.164
   52.5443   1.35647  -1.85329   2.29667   153.672
   240.376   1.91643  -1.99577   2.76691   320.007
   68.7329   2.17072  -1.07377   2.42178   122.158
   6.37092   1.10868  0.629231    1.2748   121.446
   77.6065   2.17998   1.88244   2.88026   138.195
   71.2355   2.99452   1.25321   3.24618   114.411
   0.88374   1.42695  0.873711   1.67318   50.4213
   4.83172 0.0587068  -0.75511  0.757389    24.767
   3.94798   1.48565  -1.62882   2.20459   64.7721
   14.9321  0.103462  -3.00819   3.00996   120.279
   26.3235   2.75349   1.36087   3.07143   172.723
   35.8227  0.436834 -0.534118  0.690004   48.8219
   39.1628    1.5254  0.118536      1.53   87.2404
   9.49925   2.31665  -1.89499   2.99297   153.601
   12.8393   1.22809  -1.24233   1.74688   91.5531
   3.34005   1.08857  0.652654   1.26923   60.0947
   32.3119   2.76321 -0.376245   2.78871   207.616
   92.4342   2.91419 -0.412141   2.94319   119.533
   98.1863    2.2729 -0.732475   2.38801   103.365
   60.1223  0.605784-0.0358965  0.606846   35.1741
   65.8744  0.490313 -0.356231  0.606059   31.9286
   5.75216    1.0961 -0.320334   1.14195   29.1946
   60.7832   3.03472 -0.954657   3.18133   115.176
   57.4844   1.79122 -0.467752   1.85129   134.896
   78.9438  0.374286   -1.6842   1.72528   126.635
   91.3119  0.650711  -1.59589   1.72345   101.699
   21.4593   2.16551  -1.21644   2.48378    101.03
   33.8274   1.14051  -1.12814    1.6042   61.3366
   12.3681     1.025 0.0883053   1.02879   30.2842
   16.0702   1.37203  0.765205   1.57098   54.0952
   128.873   1.58275-0.0364911   1.58317   122.116
   44.8961   1.20329  0.282322   1.23597   102.147
   58.8453   2.88234   1.64194    3.3172   208.499
   13.9491   1.67905   1.35961    2.1605   124.879
   101.626  0.125909  0.908982  0.917661    95.797
   138.214   1.66206  0.182625   1.67206   92.0263
   36.5885   1.53615 -0.726357   1.69922   59.1376
   60.0604  0.398718  0.538245  0.669839   120.969
   7.95292   2.83924  -0.45444   2.87538   684.442
   307.267  0.737974 -0.631772  0.971464   108.269
   299.314   2.70597 -0.177333   2.71177    209.22
   15.9434   1.91212  -1.32841   2.32828   72.5166
   23.2477   2.12297 -0.393476   2.15913   160.034
   34.1798   2.34712  0.284326   2.36428   154.619
   10.9321   1.81309  0.677802   1.93564   125.845
    9.9722   1.90054   1.15492   2.22394   118.953
   152.258   1.97954 -0.235174   1.99346   119.454
   6.94956   2.11648  0.732728   2.23973   117.978
   19.6649   1.59863  0.819082   1.79625   53.8303
   70.8461   2.28549   2.55998   3.43175   221.293
   13.5922   2.29776  0.178481   2.30468   111.612
   39.6102  0.149571  -2.72253   2.72664   160.644
   26.0181   2.44733  -2.90102   3.79544   174.726
   5.11782   1.64709   2.37736   2.89218   170.684
   21.7448   2.76267 -0.299011   2.77881   82.3177
    16.627   1.11559  -2.67637   2.89957   146.754
   3.72457   1.70332   0.26737   1.72417   198.551
   12.1884   2.87404   1.17729   3.10582   291.889
   89.8887  0.401564  0.561156  0.690036   58.3929
   104.202   2.73599  -1.00796   2.91575   130.577
   8.46386   1.70582   0.90992   1.93334   217.309
   86.1641   1.30175  0.293787   1.33449   89.4839
   100.478   1.84388  -1.27533   2.24195   119.583
   77.7002   3.00758 -0.616134   3.07004   143.602
   92.0137  0.138059  -2.18525    2.1896   146.715
   14.3134   3.13755  -1.56911   3.50804   84.5079
   45.2726   2.01626  0.135913   2.02084   114.237
   23.1851    1.3964  0.180044   1.40795   42.9585
   57.9392   1.03742  0.759235   1.28557   123.301
   56.6263   2.30071 -0.523622   2.35954   115.897
   71.0031   1.03464  0.323838   1.08414   52.4952
   14.3768   1.26607  0.847459   1.52352   45.8307
   192.562  0.277544 -0.577412  0.640652   126.786
   203.707  0.483576 -0.359453  0.602538   95.0758
   56.2442   1.47219  0.237383   1.49121   103.487
   2.00141   3.07205   1.48611   3.41262   151.508
   15.6735   2.07017   1.06858   2.32969   107.253
   13.6721   1.14097 -0.417537   1.21497   61.2187
   71.9625   0.36485   2.51383   2.54016   213.494
   8.64474  0.677208  -1.07938   1.27424   89.7719
   41.0165   1.16534 -0.916021   1.48226   67.7991
   32.3718  0.488127  0.163364  0.514739   26.3211
   72.7104  0.223819 -0.804539  0.835092   100.352
   81.4166   2.76458  -1.56267   3.17567   280.304
   107.951   1.75418  -1.71047   2.45007   211.816
   8.70624    2.9884 -0.758134   3.08307   167.114
   35.2406     1.978  -0.90593   2.17559   120.055
   26.5344    1.0104 -0.147796   1.02115   59.9749
   9.34185   1.73242  -0.28911   1.75638    107.06
   49.1413  0.685108  0.120033  0.695543   31.0069
   39.7995   1.04731  0.409143   1.12439   44.2271
   101.856   2.96184  -0.24413   2.97188   108.834
    5.8016   1.14744  -1.26226   1.70584   55.8129
   9.50466   1.26242 -0.595104   1.39566   66.8775
   42.4608   1.88024   1.12801   2.19265   100.968
   50.6973  0.736829   3.96721   4.03506   311.436
   8.23647   2.61707    2.8392   3.86136    125.24
   4.48034 0.0827935  -1.09841   1.10153   202.095
    18.668   2.56711 0.0879799   2.56862   308.989
   109.914 0.0570418  -1.88238   1.88325   223.531
   117.973   2.38016  0.407978   2.41488   180.179
   14.1876    2.6499   1.18639   2.90336   367.424
   105.434  0.139835  -0.78397  0.796343   89.8389
   113.492   2.29737   1.50639    2.7472   230.157
   91.2465   2.51007  -1.97036   3.19105   285.274
   99.3047   1.33591  0.319999    1.3737   114.329
   8.05821   2.43721   2.29036   3.34451   189.807
   14.0447   1.95606 -0.120123   1.95974   114.501
   7.56289   1.83154  0.250695   1.84861   104.044
   47.6272   1.84531  -1.10823   2.15253   78.4942
   9.16778   1.96798 -0.769715   2.11315   122.849
   4.08052  0.675271  -1.59168     1.729   44.7191
   108.827  0.865508 0.0965211  0.870873    121.45
   29.0003   1.18371  -2.02735   2.34762    95.439
   137.875  0.162557  0.901999   0.91653   105.827
   46.1472  0.619164 -0.637506  0.888694   121.695
   25.5699   2.40228 -0.799689   2.53189    105.29
   14.6658   1.07826-0.0919884   1.08218   33.7218
   13.5818   1.09796  -0.25255   1.12664   68.6062
   47.7154   1.49804 -0.777175   1.68764   61.0984
   34.1336  0.400076 -0.524625  0.659767   27.1662
   50.9813   1.48222   3.75178   4.03396   430.526
   15.6281   2.86503 -0.378305    2.8899   162.769
   65.5076   2.32087 -0.619745   2.40219   88.1893
   49.8795  0.544157  -0.24144  0.595315   29.4255
   3.10843   2.76679  0.937243   2.92122   91.7376
   56.2019    3.0758   1.30051   3.33944   260.528
   101.434   2.68884  -1.80525   3.23864   203.553
    104.13   0.25677   1.22279   1.24946     95.24
   105.819   1.84309 -0.762158   1.99446   121.432
   115.659  0.127084  0.654865  0.667082    46.783
   115.699  0.384582    2.5205   2.54967   184.051
   45.2324  0.518546  -3.10576   3.14875   249.951
   47.9286   2.95062-0.0777217   2.95164   105.751
   49.6169    1.3643  -2.06267   2.47304   143.645
   59.4566   2.94872 -0.645647   3.01857   91.0482
    59.497   2.69122   1.21999   2.95483   100.632
   2.69617   2.43207   3.02804   3.88381   168.019
   4.38451  0.845751   1.04309   1.34288   49.0181
   14.2243   2.81592   2.46011   3.73919   108.139
   14.2647   3.07342   4.32575   5.30641   253.744
   1.68834   1.58632  -1.98495   2.54095   92.5202
   11.5281  0.383853 -0.567926   0.68548   23.6596
   11.5685  0.641351   1.29771   1.44755   43.6795
   9.83974   1.97017   1.41702   2.42684   63.2242
   9.88014   2.22767   3.28266   3.96716   144.017
 0.0403977  0.257498   1.86564   1.88332   50.5672
   13.7735   1.10611 -0.904609   1.42892   71.5218
   35.6402   1.59739   1.40582   2.12791   74.4684
   21.8667  0.491279   2.31042   2.36208   90.4556
   14.5272   2.98171   1.05901   3.16419   130.085
   40.1633   2.35887 0.0317562   2.35908   102.758
   17.5776   1.81773  0.248603   1.83466    98.899
   41.2396   3.11623  0.862495   3.23338   170.074
   76.5079  0.571519 -0.493322  0.754984   40.5425
   35.2683   2.59544  -1.35582   2.92823   93.4676
   29.7168   2.58299  0.524977    2.6358   108.433
   33.2935   1.96289  0.108911   1.96591   118.905
   62.4001   2.95581-0.0122663   2.95583   98.7372
   29.1066  0.992923 -0.121177   1.00029   40.0499
   7.52963   2.53195  -0.81465   2.65978   97.4444
   10.7764   1.13702  -1.09006   1.57513   72.5506
   12.3016   3.06228  -2.42039   3.90331   161.653
   3.24674   1.39493 -0.275414   1.42186   55.2402
   4.77197  0.530332  -1.60574   1.69105   76.7857
   1.52522   1.92526  -1.33033   2.34017   85.5963
   3.80387   2.05012  -1.34141   2.44997   99.0431
   17.2978   2.37602  -2.43289   3.40065   291.123
   37.3843   2.65704  -0.70548    2.7491   142.428
   20.0865  0.281011    1.7274   1.75011   122.734
   10.6928   1.87617 0.0342639   1.87648   109.686
   80.4919   2.63025 -0.117416   2.63287   155.592
   84.1406   1.45634 -0.159094     1.465   104.162
   3.64872   1.17391-0.0416788   1.17465   53.9665
    7.8272   2.91074   1.36904   3.21662   218.756
   50.6955    2.0684  0.861825   2.24076   121.678
   51.3501  0.983079  0.673095   1.19143    73.576
   42.8683  0.842344  -0.50721  0.983263   61.2706
   43.5229   1.92766  -0.69594   2.04944   105.694
  0.654578   1.08532  -0.18873    1.1016    46.637
   216.282   2.13402 -0.163168   2.14025   133.227
   4.74698   1.12234 -0.470096   1.21681   118.529
   61.9352   2.25285  0.240907   2.26569   117.614
   57.1882   1.13051  0.711003   1.33551   81.7565
   21.8673   1.92944   0.62552    2.0283   76.1878
   30.8511   2.60291 0.0885814   2.60442   70.9381
    8.9838  0.673473 -0.536939  0.861318   25.8901
   19.9784    0.9607  0.962297   1.35976   75.0901
   28.6461   2.55458 -0.955164   2.72731   104.749
    42.198   1.33134  -3.10247   3.37606    176.78
    8.6677    2.7679  -1.91746   3.36718   118.133
   22.2196  0.370635  -4.06476   4.08163   232.876
   13.5519   2.39727   -2.1473   3.21835   89.4354
   6.02083   2.70005   3.22524   4.20624   427.452
   77.4307   2.39708 -0.805935   2.52894   302.048
   32.1579   2.02876 -0.836203   2.19433   88.8331
   12.4582   2.68916 -0.341632   2.71077   92.0249
   28.2735    1.2667  -2.26557   2.59564   109.778
   15.8154   1.42246  -1.92393   2.39268   82.6423
   6.75794   2.28348 -0.488511   2.33514     90.46
   15.0267  0.633811  0.024451  0.634283    32.435
   20.0084   2.39036 0.0231095   2.39047   81.6129
   21.0874   2.87507 -0.406287   2.90364    87.842
   4.98171   3.02417-0.00134153   3.02417   74.7154
   6.06068   2.24126 -0.430738   2.28228   69.0135
   1.07896   1.01776 -0.429396   1.10463   38.3131
   42.5453   1.67854   1.10693   2.01066   123.303
   67.8173   2.30125-0.0960744   2.30325   80.2181
    25.272  0.622714    -1.203   1.35462   45.4341
   51.2522   2.67941   1.48334   3.06261   162.652
   41.5054   1.74439  -1.77655   2.48979   110.641
   71.5977   3.06795  0.719141   3.15111    103.17
   20.7855  0.425511  0.459605  0.626336   28.5306
   103.757   1.56741  -0.65191   1.69757   115.464
   45.9338   2.52317 -0.977219    2.7058   98.6029
   57.0025   1.91225  0.272732    1.9316   76.4263
   47.7247    2.8123  0.705896   2.89954   164.483
   98.8401   1.67601 -0.248578   1.69434   96.5555
    107.16   2.41868 -0.768827   2.53793   110.539
   8.31991    2.1885 -0.520249   2.24949   48.9234
   77.7264   1.47169  -1.27943   1.95008   110.581
   22.4801   2.02493   1.90372    2.7793    85.471
   7.23181  0.626649   1.45432   1.58359   71.9646
    13.0470.00559126   2.38593   2.38593    115.01
   5.81514  0.621058  0.931601   1.11964   41.5383
   3.91056   2.35758  -1.17552   2.63439   135.274
   5.53471  0.828596  0.668149   1.06442   73.7438
   45.0107  0.265695   1.23107   1.25941    59.745
    39.476  0.562901   0.56292  0.796076    36.944
   24.9319   2.06019  0.689128   2.17239     127.6
   59.8921   2.68992   -3.0567   4.07174   297.205
   64.5978   2.29633 -0.916244   2.47238   119.923
    4.7057   1.29693   2.14045   2.50271    103.53
   17.4474  0.192009  0.607523  0.637143   21.8118
   47.6455   2.14962  0.753512   2.27786   126.273
   17.3343   1.71818 -0.254125   1.73687   86.2949
   31.2364  0.255756 -0.544677  0.601735    30.901
   13.9021   1.46242 -0.290553     1.491   55.5101
    16.788   1.03828  -1.67871   1.97386   91.4966
   17.9868   2.78734  -2.77591   3.93382   177.853
   1.19884   1.74905  -1.09719   2.06471   66.7293
   87.5297    1.1294  0.306114   1.17015   116.973
    5.4235  0.422406  0.565502  0.705846   38.4473
   6.53066   1.00456   1.27135   1.62033   82.2145
   1.10715   1.42696  0.705848   1.59199   69.5486
    78.468  0.146112 -0.886858  0.898813   57.1774
   88.1219   1.93402-0.0725436   1.93538   82.1304
    9.6539   2.08013  0.814314   2.23384   51.5863
   96.5729   3.09675 -0.536395   3.14286   491.719
   192.779   2.75731   0.67737    2.8393    349.93
   245.753  0.100256  0.695484  0.702673   98.7761
   266.685  0.571821  0.637916  0.856689   86.3853
   96.2058  0.339437   1.21377   1.26033   182.451
    149.18   2.99649   1.23188   3.23983    216.37
   170.112   2.52493   1.17431   2.78465   146.606
   52.9747   2.65706 0.0181136   2.65712   123.869
    73.906   2.18549-0.0394545   2.18585   80.4651
   20.9314  0.471565-0.0575681  0.475066   17.2924
   19.6941   2.17385  0.203089   2.18331   187.586
   93.3462   1.47953   1.11019   1.84974   89.1371
   73.6521    2.6298  0.907098   2.78185   98.7082
   42.9621   1.24146  -1.33062   1.81983   109.305
   122.119   2.49887  -0.31453   2.51859   133.462
   30.8845   2.02999  0.970035   2.24985   105.936
   36.8899  0.142749 -0.871107  0.882726    46.322
   6.00532   1.88724  -1.84114   2.63656   98.8922
   9.13738   1.57165  0.314094   1.60273   131.625
   79.6911   2.95187 -0.169553   2.95673   92.5295
    78.617   2.48929  0.637249   2.56957    171.16
   87.3879   1.71758 -0.971678   1.97338   142.757
   100.495  0.924108   1.04756   1.39691   94.5834
   106.246   2.23044 -0.964159   2.42991   122.989
   8.77088  0.771713  -1.60893   1.78443   97.6066
   21.8783   2.86978  0.410313   2.89897   84.7644
   27.6288  0.258849  -1.60141   1.62219   69.4489
   13.1074   2.64169   2.01924   3.32503   117.061
   18.8579  0.5128630.00751953  0.512918   20.2829
   5.75053   3.12863  -2.01172   3.71959   90.1048
   106.522   3.05353  0.596753   3.11129   478.612
   11.1871   1.43757  -2.72514   3.08107   107.173
   8.64332  0.326112  -2.87213   2.89058    488.99
   96.0226   1.53013  -1.70728   2.29262   149.587
   87.3792   1.20402   1.16485   1.67527   102.067
   146.927    1.7418 -0.187499   1.75186   139.648
   9.82659   1.52113 -0.281405   1.54694   121.486
   57.5882  0.660767  0.473196  0.812728   46.8164
   47.7616  0.860361  0.754601    1.1444   60.8023
    47.386  0.798818 -0.687965   1.05423   125.468
   67.6989   1.55913  -1.75919   2.35067   217.496
   91.5238   1.75126 -0.798918   1.92489   121.351
   23.8249    2.9728  0.960275   3.12404   106.409
   60.8294   2.05411  0.451617   2.10317   123.611
   7.43591   1.28611  -0.25462   1.31107   109.834
   46.9599   2.43413 0.0736263   2.43525   116.144
   62.6574  0.807083   0.58792  0.998516   50.0366
   15.6974   3.04197  0.514294   3.08514   69.9871
   20.4755   1.99279  -1.27828   2.36753   102.645
   11.1401   2.65917  0.168789   2.66452   166.285
    69.717   1.80122   0.35068   1.83504    117.61
   181.698 0.0911154 -0.599642  0.606525   78.1434
   76.2099  0.603767  0.154906  0.623322   31.5935
 0.0740338   2.42492  0.709387   2.52656   89.1134
   89.5293   3.09155  0.236111   3.10055   108.446
   5.41205   3.04769 -0.907639   3.17997   120.428
   18.2727  0.525593  -1.05558    1.1792   120.501
   20.3636   1.53328 -0.208426   1.54738   106.023
   65.5143   2.75673  0.431305   2.79026   123.724
    69.937   2.11765   1.90757   2.85013   163.474
   4.42266   0.63908   1.47627   1.60866   61.0904
   27.5354   2.36936 0.0647153   2.37025   101.124
   120.431   2.52917  -1.06818   2.74549   373.222
   130.423   2.30444  -1.78161   2.91283    437.01
   187.326    1.8064  -1.03514   2.08197   210.114
   198.481   2.00381  -2.39337   3.12146   334.701
    199.35  0.483469 -0.610741   0.77894    78.257
   9.99275   1.44957 -0.713435   1.61563   175.308
   66.8956  0.722766 0.0330359   0.72352   65.5421
   78.0507   1.75021   -1.3252   2.19531   147.082
   78.9192    2.0457  0.457435   2.09622   123.118
   56.9028   2.17234  0.746471   2.29702   143.265
    68.058  0.300633 -0.611763  0.681641   50.0222
   68.9264   2.78791   1.17087    3.0238   150.407
   11.1552   2.47297  -1.35823   2.82142   107.546
   12.0236   1.32294  0.424399   1.38934   59.0956
  0.868421   2.48728   1.78263   3.06012   108.752
   13.0514   1.44619  0.239211   1.46584   89.2043
   21.9798   2.06195 -0.729007   2.18702   112.695
   47.6426   1.07289  0.545609   1.20365   50.1564
   8.92833   0.61576 -0.968218   1.14743   65.4327
   34.5912  0.373302  0.306398  0.482943   22.0056
   25.6629  0.989061   1.27462   1.61335   58.1388
   1.45316   1.15706  0.677355   1.34075   115.434
   60.1753  0.626182  0.367834  0.726227   39.8112
   61.7075   2.16453  -1.50866   2.63842   120.699
   58.7221   0.53088 -0.309521  0.614522   34.5209
   60.2544   2.96159  -2.18602   3.68099   163.656
   1.53229   2.79071  -1.87649   3.36293   83.8439
   30.6322   1.30156 -0.466265   1.38256   57.3316
   34.7769  0.806927 -0.926491   1.22862   51.4408
   4.14472  0.494635 -0.460226  0.675627   21.3004
   96.3493  0.752273  0.223436  0.784753   63.3688
   26.8364   2.01149 -0.022214   2.01162   125.096
   69.7435   2.89296  0.249441   2.90369   425.789
   195.265  0.821534   0.17135  0.839213   97.6195
   211.619   1.94434  -0.23853   1.95892   164.378
   219.785   2.82476 -0.229374   2.83406   173.617
   220.033  0.832161   2.55245   2.68468   297.124
   125.522    2.5687-0.0780912   2.56988   192.768
   141.876  0.948612 -0.487971   1.06676   90.9027
   150.042 0.0681928 -0.478815  0.483647   46.2329
    150.29   2.55807   2.30301   3.44203   255.445
   16.3543   2.76588  -0.40988   2.79608     92.99
   24.5201   2.63689 -0.400724   2.66716   81.5603
   24.7682 0.0106273    2.3811   2.38113   123.171
   8.16582   0.880420.00915621  0.880467   31.6211
   8.41394    2.7765   2.79098   3.93682    146.73
  0.248114   2.62626   2.78183   3.82568   129.599
   48.9289   2.44924  0.912192    2.6136   130.924
   50.3033  0.445599 -0.540609  0.700583   47.2322
   68.3281   1.59294 -0.916761   1.83791   78.6277
   1.37448   2.89484   -1.4528   3.23894   104.212
   19.3992    0.8563  -1.82895   2.01949   69.7375
   18.0247   2.03854 -0.376152   2.07296   51.9661
   48.6713    1.8537 -0.398429   1.89604   82.8732
   23.4991   3.12642  0.600338   3.18353   130.251
   15.5096   2.05351  -1.17922   2.36801   119.512
   34.8139  0.666779 -0.984732   1.18924   55.4883
   19.3043   1.38673  0.194493    1.4003   50.1757
   58.0459    2.9866  0.305022   3.00213   101.326
   6.54978   1.01352  -1.21653    1.5834   105.613
   10.3861   1.78366  0.664718   1.90349    87.262
   29.3084  0.557671  0.967072   1.11634   46.8845
   31.8163  0.353091  -1.87701   1.90993   82.8823
   18.9222   1.22599  0.302354   1.26272   42.6444
   21.4301   1.43057  -2.54173   2.91666   118.524
    2.5079   0.20458  -2.84408   2.85143   100.355
   26.0245   1.21571  -1.19176   1.70242   113.977
   11.9361  0.520291 -0.120103  0.533973   22.2963
   20.5725  0.470414  -1.07472   1.17316   80.8458
   52.5127  0.541524 -0.197313  0.576351   28.4616
   31.9402 0.0711102  0.877405  0.880282   34.0273
   53.2863    1.6839  0.150198   1.69059   90.3496
   69.1791   1.13165  -3.33004   3.51707   240.512
   15.8928  0.552257  -3.48024   3.52378   166.065
   84.2213   1.14771 -0.600895    1.2955   100.506
   96.6585  0.484974 0.0293212   0.48586   45.6596
   12.4372  0.662736  0.630217  0.914545   36.9419
