       125    91.637
       125   92.7756
       125   91.6646
       125   92.8492
       125   92.1424
       125   91.6277
       125   90.5281
       125   68.8855
       125   48.3507
       125   76.3987
       125    89.325
       125   16.5622
       125   11.9699
       125   91.3511
       125   90.5573
       125   90.6439
       125   29.4303
       125   7.77433
       125   108.194
       125   91.4089
       125   68.2522
       125   22.9494
       125   79.6575
       125   25.2265
       125     87.76
       125   45.1946
       125   54.9658
       125   83.7921
       125   6.86571
       125   88.5649
       125   131.879
       125   92.5628
       125   28.8738
       125   91.0728
       125   86.8448
       125  0.922316
       125   48.2641
       125   45.0566
       125   97.9581
       125   94.0533
       125    88.325
       125    18.911
       125   84.4039
       125   86.4229
       125   87.2608
       125   92.3468
       125   90.3024
       125   85.2232
       125    88.222
       125   25.8076
       125   91.3155
       125   71.7349
       125   90.9091
       125   89.9946
       125   36.4815
       125   90.0576
       125   91.1849
       125   90.3298
       125   92.3085
       125   93.5247
       125    44.633
       125   32.8181
       125    16.222
       125    78.405
       125   92.2951
       125   39.5741
       125   9.39822
       125   20.4608
       125  0.980277
       125   43.6407
       125   91.3708
       125   110.355
       125   91.5689
       125   1.56371
       125   45.0757
       125   30.2863
       125   92.1875
       125   84.6755
       125   89.2899
       125   7.55179
       125   18.3479
       125   89.9129
       125   91.6277
       125   91.8544
       125   91.9937
       125   112.509
       125   23.7969
       125   91.4795
       125   91.4215
       125    86.659
       125   89.1415
       125   33.2598
       125   57.6512
       125   87.5698
       125   14.2345
       125   5.82091
       125   13.6176
       125   91.1145
       125   73.7366
       125   88.9373
       125   87.8238
       125   91.0367
       125   11.6061
       125   47.8538
       125   90.3842
       125   1.62745
       125   17.8836
       125  0.505286
       125   20.8304
       125   90.9099
       125    48.338
       125  0.988248
       125    27.302
       125   98.5187
       125    57.603
       125   60.4333
       125   6.16152
       125   4.12719
       125   91.2307
       125   93.5533
       125   91.1676
       125   9.75701
       125   9.95728
       125   91.2975
       125   92.0993
       125   91.5585
       125   7.41619
       125   16.0189
       125   89.0373
       125   10.8276
       125   90.7968
       125   90.8827
       125   3.85195
       125   91.3864
       125    35.803
       125   75.8017
       125   3.13895
       125   88.5454
       125   48.9965
       125   92.4541
       125   90.8647
       125   53.1955
       125   79.1933
       125   83.8347
       125   33.7208
       125   97.4936
       125   5.70342
       125   43.4989
       125   91.4162
       125   92.9696
       125   90.1999
       125   1.20075
       125   95.6553
       125     92.19
       125   9.78785
       125   1.79059
       125   90.2933
       125   77.6099
       125  0.699367
       125   85.8305
       125   14.2516
       125   91.0949
       125    91.236
       125   171.758
       125   90.8398
       125     27.82
       125   88.0986
       125   90.6408
       125   90.4634
       125    93.609
       125   90.8034
       125   26.4262
       125   84.2342
       125   54.9788
       125   0.56692
       125   38.3156
       125   93.1211
       125   90.2475
       125   93.8255
       125   100.896
       125   91.7367
       125   88.8103
       125   90.2846
       125   36.9479
       125   91.2683
       125   8.87984
       125    2.4256
       125   38.3128
       125   60.3502
       125   90.3525
       125   93.2486
       125   42.1232
       125   91.1614
       125   51.5426
       125   93.2669
       125   91.0011
       125    22.563
       125   12.1223
       125   38.3245
       125   89.7363
       125   84.4224
       125   33.2469
       125   44.9803
       125   92.0222
       125   90.4809
       125   91.4192
       125   1.38279
       125   9.44226
       125   88.0146
       125   84.0256
       125    90.628
       125   92.5979
       125    11.192
       125    86.807
       125   9.06921
       125   60.6875
       125  0.715717
       125   90.4761
       125   42.7578
       125   92.0493
       125   93.7541
       125    89.752
       125   2.25702
       125   90.5958
       125   96.2083
       125   82.5955
       125   34.4314
       125   2.02797
       125   128.271
       125   5.60854
       125   93.8768
       125   38.7791
       125   92.2632
       125   91.1805
       125   56.6595
       125   91.6891
       125   90.8995
       125   92.6042
       125   10.0122
       125    85.388
       125   21.3061
       125   90.3549
       125   92.4514
       125   58.5869
       125   96.7551
       125    90.544
       125   93.0632
       125   97.1971
       125    95.667
       125   89.3557
       125   8.56873
       125   95.8434
       125    11.661
       125   91.6007
       125   91.5508
       125   13.4258
       125   86.4478
       125   5.28245
       125   15.0806
       125   91.8682
       125   93.2811
       125   10.9547
       125   52.9011
       125   19.3163
       125   93.5415
       125    51.466
       125   21.8481
       125   0.76328
       125    91.135
       125   92.4337
       125   91.6753
       125   36.1463
       125     32.27
       125   90.7265
       125    16.107
       125   50.8351
       125   84.0227
       125   94.1777
       125   91.2567
       125     20.02
       125   20.3145
       125   12.6736
       125   86.6264
       125   50.7881
       125   2.33829
       125   93.5971
       125   90.6368
       125   82.0764
       125   91.8027
       125   89.7633
       125   20.8536
       125   203.811
       125   92.6186
       125   91.2123
       125   26.9879
       125  0.853072
       125   75.3894
       125   90.8062
       125   3.04569
       125   89.8236
       125   90.6954
       125   115.498
       125    112.49
       125   32.5237
       125   91.0117
       125   12.7516
       125   18.8795
       125   89.2218
       125   8.54336
       125   28.8403
       125   15.5505
       125   92.5929
       125   134.167
       125   91.4585
       125   89.9811
       125   23.3736
       125   7.04449
       125   89.7186
       125   87.7239
       125   91.4019
       125   115.565
       125   92.3412
       125   89.3912
       125   126.092
       125   14.1328
       125   89.4554
       125   143.299
       125   92.0676
       125   31.4152
       125   90.9537
       125   95.6851
       125   93.2095
       125   1.49518
       125   90.9149
       125   99.9425
       125   19.3482
       125   85.6533
       125   84.8801
       125   78.0228
       125   90.3009
       125    7.7477
       125   93.2218
       125   91.0238
       125   188.673
       125   25.3182
       125    70.416
       125    90.645
       125   19.0535
       125   92.1348
       125   88.1243
       125   64.3824
       125   15.4065
       125   93.9042
       125   98.9094
       125   32.2108
       125   34.4266
       125  0.999595
       125    12.315
       125   96.4206
       125   88.9474
       125     91.67
       125   91.2553
       125    4.5347
       125   91.1383
       125   92.3898
       125   35.6811
       125   20.5324
       125   90.9994
       125   46.0333
       125  0.767066
       125   99.9052
       125   33.9047
       125   142.372
       125   38.2457
       125    112.45
       125   46.6126
       125   71.2706
       125   93.9682
       125   90.9267
       125   91.0891
       125   91.3275
       125   170.216
       125   84.7191
       125   7.82846
       125   95.7039
       125   91.6169
       125      91.3
       125   32.9162
       125   89.0128
       125   98.4377
       125   90.8543
       125   90.3971
       125   25.6188
       125   94.3393
       125   94.1507
       125   96.3091
       125   5.65735
       125   79.3029
       125   7.73926
       125   42.4827
       125    90.383
       125   90.9741
       125   86.9968
       125   64.5847
       125   91.2175
       125    89.255
       125   14.4646
       125   91.4773
       125   88.7745
       125   86.4852
       125   90.9414
       125   88.6195
       125  0.498762
       125   91.6647
       125   90.7977
       125   91.6742
       125   87.8323
       125   94.8555
       125   14.5375
       125   77.0222
       125   16.2173
       125   20.3595
       125   5.35771
       125   6.66604
       125   79.0381
       125   18.5627
       125    20.722
       125   104.047
       125   90.3121
       125   29.1751
       125   79.7492
       125   92.4315
       125   94.9747
       125   89.0651
       125   42.7352
       125   89.7059
       125   94.5846
       125   90.2729
       125   90.2062
       125   16.2956
       125   89.6977
       125   38.3245
       125   149.702
       125   59.5031
       125   16.7039
       125   19.9343
       125   126.076
       125   52.6586
       125   46.8101
       125   98.9387
       125   89.8115
       125  0.625904
       125   30.2974
       125   43.3205
       125   17.3408
       125   92.9667
       125   92.4736
       125   91.2738
       125   108.095
       125   39.7602
       125   89.6943
       125    89.979
       125   2.73931
       125   6.54856
       125   50.2082
       125   86.1581
       125   91.0553
       125   54.9285
       125   90.1044
       125   144.276
       125   46.0051
       125   90.9553
       125   89.9733
       125   91.4352
       125   108.924
       125   87.0167
       125   3.38189
       125   1.21131
       125   6.00402
       125    25.349
       125   92.0679
       125   142.693
       125   18.8682
       125   91.2457
       125    21.561
       125   51.5539
       125   34.9775
       125   91.2092
       125   144.396
       125   12.3491
       125   40.9451
       125   24.0241
       125   49.9276
       125   70.4993
       125   46.2413
       125   212.356
       125   31.2104
       125   87.7556
       125   91.9018
       125   13.9539
       125   87.5955
       125    91.738
       125   91.7085
       125   91.4999
       125   14.9789
       125   55.3169
       125   90.4506
       125   91.0362
       125   90.5832
       125   137.939
       125   33.3426
       125   90.1626
       125   6.98214
       125    18.929
       125   92.7012
       125   118.572
       125    89.345
       125   12.5757
       125   127.112
       125   90.7176
       125   92.0145
       125   92.1925
       125   2.07765
       125   86.2481
       125   92.5615
       125   98.2036
       125   39.7776
       125   28.0307
       125   12.1818
       125   88.3339
       125   72.3004
       125   99.7268
       125    89.634
       125    54.129
       125  0.677601
       125   89.6012
       125   91.5466
       125   10.1173
       125   91.4404
       125   17.6116
       125   72.6162
       125   58.1438
       125   90.4346
       125   8.12565
       125   85.1463
       125   22.8901
       125   87.7807
       125   87.8811
       125   89.9636
       125   16.1876
       125   48.8419
       125   92.3619
       125   85.6971
       125   89.8647
       125   1.95313
       125   6.80307
       125   89.9243
       125   92.8971
       125   90.5947
       125  0.326438
       125  0.742404
       125    176.06
       125   3.60718
       125   88.3531
       125   90.4998
       125   33.2319
       125   5.77551
       125   89.7646
       125   6.43414
       125  0.964771
       125   89.1135
       125   88.9572
       125   91.6366
       125   8.01759
       125    124.87
       125   86.0133
       125   90.7172
       125   97.3826
       125   91.6344
       125   250.312
       125   86.8591
       125   88.7092
       125   82.5862
       125   91.9042
       125   106.177
       125   91.2552
       125   60.6772
       125   81.1677
       125   135.448
       125   77.5163
       125    92.433
       125   38.8473
       125   44.5622
       125   12.4445
       125   24.7407
       125   94.5162
       125   18.5086
       125   10.4611
       125   28.9861
       125   49.4442
       125   96.6521
       125   84.3374
       125   91.9823
       125   10.9394
       125   92.9318
       125   16.0006
       125   91.6188
       125   29.4218
       125   93.7133
       125   4.65884
       125   49.3109
       125   92.0482
       125   84.2281
       125   65.6056
       125   1.65102
       125   93.6011
       125   91.1856
       125   12.4864
       125   89.4372
       125   91.5368
       125   90.7162
       125   91.0609
       125   88.8645
       125   79.8821
       125   86.6895
       125   80.7034
       125    90.365
       125    93.178
       125   80.7583
       125   93.9538
       125    79.863
       125   22.9859
       125   12.7602
       125   92.3038
       125   78.3548
       125   93.5524
       125   92.8264
       125   54.2715
       125   90.9631
       125   92.3585
       125   89.6682
       125   92.2964
       125   9.93605
       125   30.1855
       125   91.8346
       125   1.76944
       125    28.606
       125   25.5879
       125   32.9282
       125   30.4503
       125   35.2033
       125   36.7686
       125   87.9548
       125     24.51
       125   59.7539
       125   94.2365
       125   30.6979
       125   90.9769
       125   90.4609
       125   6.09436
       125   77.8835
       125   88.8481
       125   11.9208
       125   89.5272
       125   90.6248
       125   4.86588
       125   89.5281
       125   43.3146
       125   91.0207
       125   91.5879
       125   8.82643
       125   89.4948
       125   80.1757
       125   92.2275
       125   95.7788
       125   89.2941
       125   36.8352
       125    51.512
       125   90.5035
       125   12.2642
       125   90.9434
       125   48.7148
       125   119.791
       125   97.9622
       125   158.274
       125   0.46549
       125  0.372043
       125   41.7936
       125   49.9308
       125   18.3102
       125   56.6699
       125   91.0623
       125   91.2561
       125   33.9088
       125  0.903152
       125   45.6994
       125   90.0364
       125   90.3463
       125   89.0828
       125   89.8215
       125   91.1295
       125   53.1367
       125   89.4852
       125    90.272
       125  0.983681
       125    18.707
       125   90.9395
       125   16.3028
       125   93.7701
       125   59.8194
       125   112.884
       125   90.5733
       125   28.4553
       125   5.31454
       125   3.09679
       125   15.8363
       125   91.8949
       125   87.3777
       125   22.0575
       125   91.6838
       125   88.9556
       125   25.0015
       125   90.5686
       125   33.3908
       125   89.0185
       125   74.6088
       125   88.8421
       125   91.0014
       125   93.5325
       125    106.25
       125   25.9879
       125   1.15548
       125   89.6687
       125   86.5277
       125   1.29613
       125   7.95884
       125   86.6778
       125   90.0437
       125    85.412
       125   20.1168
       125   92.1543
       125   86.8808
       125   1.57476
       125    89.389
       125   92.6857
       125   94.0007
       125   90.2662
       125   91.4148
       125   87.2676
       125  0.727815
       125   16.1468
       125   89.1808
       125    73.967
       125    36.743
       125   86.7808
       125   12.7327
       125   92.4479
       125   89.4863
       125   32.4079
       125   10.1799
       125   146.688
       125   50.9335
       125   75.3406
       125   90.6224
       125   95.1716
       125    93.435
       125   16.4561
       125   31.5148
       125   92.5718
       125   30.1722
       125   91.2966
       125    93.429
       125   89.1205
       125   96.9274
       125   59.5877
       125    90.437
       125   105.873
       125   88.0314
       125   85.8153
       125   91.8614
       125    30.322
       125    96.083
       125  0.912907
       125   89.5295
       125    0.3356
       125   10.1914
       125   90.6782
       125   89.6923
       125   90.8885
       125   88.2209
       125    88.513
       125    71.216
       125   91.3822
       125    95.317
       125   89.9065
       125   9.40891
       125   29.6169
       125   15.8725
       125   87.3805
       125   93.1534
       125   91.0359
       125   19.1067
       125   14.8243
       125   90.5695
       125   11.0591
       125   13.4476
       125   92.2039
       125   87.4589
       125   85.8211
       125   84.9311
       125    73.822
       125   90.2574
       125  0.960807
       125   90.6436
       125    7.2688
       125   94.1918
       125   0.38998
       125   92.0995
       125    90.621
       125   93.0394
       125   91.2231
       125   49.5713
       125   1.15389
       125   3.90788
       125   75.4797
       125   86.5958
       125   92.9583
       125   12.4875
       125   10.8399
       125    95.891
       125   91.0687
       125   89.4037
       125   45.0118
       125    94.147
       125    93.917
       125   18.3869
       125    10.816
       125   61.9021
       125   16.3279
       125   90.4426
       125   90.2692
       125   91.2564
       125   90.9232
       125   60.5619
       125   4.07774
       125   26.9121
       125   91.9979
       125   90.8097
       125   91.2641
       125   25.3141
       125   90.0661
       125   23.7553
       125   16.8101
       125   1.96674
       125   78.0791
       125   90.1531
       125   67.8104
       125   90.0984
       125   85.9079
       125    90.944
       125   100.698
       125   90.6298
       125   1.30425
       125    84.538
       125   90.2127
       125   27.5339
       125   100.951
       125   10.2775
       125     88.92
       125   90.3108
       125   84.9595
       125   21.5717
       125   93.1718
       125    12.353
       125   90.3912
       125   89.8242
       125   1.14274
       125   1.46051
       125   91.0358
       125   91.9537
       125   11.8542
       125   88.7933
       125   58.1695
       125   91.7319
       125   15.9389
       125   21.5522
       125   91.3717
       125   91.9107
       125   89.9582
       125   90.9599
       125   90.4727
       125    91.173
       125   12.4623
       125   15.5674
       125   66.5054
       125   89.9103
       125   89.2956
       125   55.9592
       125  0.552179
       125   26.5654
       125   93.8612
       125   60.3015
       125   48.1732
       125   4.54236
       125   4.65164
       125   92.6419
       125   36.8199
       125   99.4799
       125   19.6965
       125   94.3227
       125   99.6773
       125   47.7859
       125   20.1553
       125   36.1055
       125   26.1877
       125   89.5111
       125   91.3434
       125   90.6387
       125   91.5498
       125   80.4243
       125   21.1326
       125   89.7767
       125   123.927
       125   90.6681
       125   19.0722
       125   2.39228
       125   77.7971
       125   90.8441
       125   88.0182
       125    91.844
       125   91.7879
       125   50.7495
       125   47.5733
       125   32.6877
       125   91.2341
       125   34.6634
       125   81.1935
       125   1.77559
       125   90.9859
       125   5.60967
       125   92.3931
       125   50.4402
       125   90.9115
       125   1.11622
       125   91.8862
       125   16.5631
       125   85.7623
       125   89.0709
       125   93.2377
       125   89.8968
       125   3.45496
       125   91.0346
       125   7.32874
       125   4.38065
       125    89.863
       125   85.7352
       125   92.0888
       125   24.6005
       125    62.406
       125    74.132
       125   88.8058
       125   91.0953
       125   22.7254
       125   92.3802
       125   65.4992
       125   89.1842
       125   91.3775
       125   90.5371
       125    104.37
       125    45.356
       125   44.1962
       125   37.7065
       125  0.322576
       125   1.75029
       125   17.6123
       125   39.8659
       125   12.9765
       125   83.7909
       125   8.96499
       125   90.7778
       125   91.4798
       125   91.4847
       125   65.1933
       125   93.9375
       125   6.99319
       125   8.86433
       125   77.6156
       125   91.2381
       125   109.965
       125   6.90133
       125   85.4773
       125   83.2711
       125    89.107
       125   90.2758
       125   9.92512
       125   94.4866
       125   92.3327
       125   96.9757
       125   92.8301
       125   89.7861
