         0   184.272   2.09309 -0.720578
         1   132.439  -1.49159  -0.78453
         2   47.4539 -0.370473 -0.403374
         3   30.1291  0.930656  -1.28043
         0    219.72  0.962549  0.104318
         1   169.299  -1.98913   1.41816
         2   46.0449  -2.98085   1.77471
         0   205.475 -0.386725  -1.70368
         1   49.4677   2.28478  -1.81604
         0   262.182  -2.21789 -0.503007
         1   241.296  0.874676 -0.528469
         2   47.4583  0.957234  0.488596
         0    151.23  0.766316  -2.36538
         1   113.025   -2.7166 -0.692076
         2    37.355  -2.34338  0.477903
         0   96.4489  -1.71309   1.36308
         1   79.0987   1.10182   1.94711
         2   65.3616  -2.82313  0.866712
         3   37.0599  -2.35627  0.595779
