   64.9333    91.637
       125   92.7756
   314.558   91.6646
   71.1307   92.8492
   103.884   92.1424
   90.9287   91.6277
   68.6962   90.5281
   100.295   68.8855
   16.7089   48.3507
   112.124   76.3987
   118.495    89.325
   86.4461   16.5622
   94.8127   11.9699
   109.149   91.3511
    105.84   90.5573
   106.801   90.6439
    96.632   29.4303
   55.1067   7.77433
   101.589   108.194
   124.583   91.4089
   113.913   68.2522
   72.9993   22.9494
   71.0556   79.6575
       125   25.2265
    30.538     87.76
    10.311   45.1946
   100.071   54.9658
   64.8812   83.7921
   86.1906   6.86571
   114.647   88.5649
   99.8813   131.879
   105.516   92.5628
   40.1439   28.8738
   64.9409   91.0728
   93.1821   86.8448
    13.424  0.922316
   116.827   48.2641
   105.943   45.0566
   98.6562   97.9581
   52.8381   94.0533
   108.485    88.325
   101.092    18.911
   118.689   84.4039
   106.685   86.4229
   122.457   87.2608
   64.3731   92.3468
    76.814   90.3024
   112.471   85.2232
   20.8434    88.222
   102.575   25.8076
   103.122   91.3155
   110.819   71.7349
   118.654   90.9091
   78.4508   89.9946
   90.9998   36.4815
   118.942   90.0576
   107.748   91.1849
   122.087   90.3298
   52.7654   92.3085
   89.4308   93.5247
   93.9388    44.633
   84.2341   32.8181
   76.0311    16.222
   104.298    78.405
   111.451   92.2951
   115.075   39.5741
   53.8391   9.39822
   57.6272   20.4608
   62.7553  0.980277
   113.292   43.6407
   103.828   91.3708
   106.421   110.355
   24.7274   91.5689
   100.315   1.56371
    104.41   45.0757
   98.1323   30.2863
   93.5518   92.1875
   96.7892   84.6755
   119.327   89.2899
    53.661   7.55179
    97.855   18.3479
   118.575   89.9129
   75.8652   91.6277
   72.3852   91.8544
   65.3675   91.9937
   35.0125   112.509
   104.935   23.7969
   101.411   91.4795
   101.586   91.4215
   112.052    86.659
   113.495   89.1415
   79.8159   33.2598
   67.0197   57.6512
   44.7489   87.5698
   112.436   14.2345
   64.2568   5.82091
   98.7745   13.6176
   93.3581   91.1145
   70.4359   73.7366
   112.908   88.9373
   35.2127   87.8238
   104.173   91.0367
     107.3   11.6061
   95.3945   47.8538
   102.054   90.3842
   25.5339   1.62745
   80.2844   17.8836
   109.588  0.505286
   92.7586   20.8304
   83.4413   90.9099
   117.954    48.338
   66.4328  0.988248
   100.606    27.302
   390.493   98.5187
   91.9836    57.603
   115.142   60.4333
   83.8195   6.16152
   109.683   4.12719
   85.3173   91.2307
   40.5607   93.5533
   78.4156   91.1676
   116.743   9.75701
   109.824   9.95728
   116.876   91.2975
     100.9   92.0993
   103.377   91.5585
   53.2431   7.41619
   29.2888   16.0189
   79.6542   89.0373
   88.3322   10.8276
   100.553   90.7968
   79.0252   90.8827
   115.563   3.85195
   107.987   91.3864
   118.296    35.803
   70.5815   75.8017
   12.5928   3.13895
   115.595   88.5454
   110.462   48.9965
   98.6677   92.4541
   83.5686   90.8647
       125   53.1955
   87.8386   79.1933
     120.3   83.8347
   65.7771   33.7208
   104.936   97.4936
   121.157   5.70342
     82.03   43.4989
   75.5862   91.4162
   81.1398   92.9696
   116.078   90.1999
   72.4892   1.20075
   115.189   95.6553
   113.868     92.19
   77.3707   9.78785
   90.5415   1.79059
   110.947   90.2933
   100.195   77.6099
   62.2689  0.699367
   114.704   85.8305
   66.1649   14.2516
   77.2935   91.0949
   65.4469    91.236
    100.76   171.758
   109.161   90.8398
   60.5301     27.82
   57.3196   88.0986
   108.766   90.6408
   106.742   90.4634
    51.447    93.609
    109.68   90.8034
   101.585   26.4262
   97.4626   84.2342
   68.7276   54.9788
   119.647   0.56692
   69.7128   38.3156
   123.807   93.1211
   78.5509   90.2475
   67.4504   93.8255
   375.663   100.896
   104.355   91.7367
   122.173   88.8103
   87.6875   90.2846
   95.4986   36.9479
   97.9665   91.2683
   80.1047   8.87984
   163.024    2.4256
   107.232   38.3128
   95.2861   60.3502
   36.4548   90.3525
   90.4254   93.2486
   102.005   42.1232
   58.8172   91.1614
   89.9328   51.5426
   103.457   93.2669
   49.2431   91.0011
   49.3681    22.563
   59.4881   12.1223
   110.519   38.3245
   109.645   89.7363
   92.0625   84.4224
   89.3098   33.2469
   102.001   44.9803
   89.5361   92.0222
   59.4532   90.4809
   120.809   91.4192
   61.6563   1.38279
   80.1011   9.44226
   112.565   88.0146
   106.649   84.0256
   86.3485    90.628
   109.209   92.5979
   113.474    11.192
   107.145    86.807
   79.1131   9.06921
   115.026   60.6875
    100.02  0.715717
   91.0448   90.4761
   114.751   42.7578
   75.4057   92.0493
   114.334   93.7541
    73.594    89.752
   66.7961   2.25702
   96.8821   90.5958
   99.1869   96.2083
   41.2428   82.5955
   67.7135   34.4314
   102.333   2.02797
   93.8062   128.271
   33.2025   5.60854
   110.388   93.8768
   78.6454   38.7791
   87.4947   92.2632
   119.973   91.1805
   103.371   56.6595
   100.365   91.6891
    21.787   90.8995
   88.3041   92.6042
   109.315   10.0122
   120.691    85.388
   99.8008   21.3061
   69.5556   90.3549
   56.9965   92.4514
   117.222   58.5869
   107.104   96.7551
   100.432    90.544
   77.5804   93.0632
   116.411   97.1971
   96.5029    95.667
   58.1581   89.3557
   68.8671   8.56873
   110.536   95.8434
   72.1016    11.661
   113.629   91.6007
    113.22   91.5508
   98.6525   13.4258
   60.7042   86.4478
      57.6   5.28245
   66.2052   15.0806
   115.351   91.8682
   83.1758   93.2811
   22.4462   10.9547
    103.36   52.9011
   114.174   19.3163
   102.636   93.5415
   98.7758    51.466
   120.277   21.8481
   94.6273   0.76328
   112.617    91.135
   89.5051   92.4337
   99.6683   91.6753
   76.0346   36.1463
   82.3716     32.27
   93.2097   90.7265
   74.2049    16.107
    160.44   50.8351
   115.354   84.0227
   64.2574   94.1777
   57.0838   91.2567
   85.7152     20.02
   111.894   20.3145
   96.3519   12.6736
   111.707   86.6264
   97.7724   50.7881
   96.0834   2.33829
   101.035   93.5971
    118.16   90.6368
   91.9821   82.0764
   98.6682   91.8027
   99.7964   89.7633
    13.202   20.8536
   90.9192   203.811
    107.81   92.6186
   56.0905   91.2123
   91.7791   26.9879
    108.35  0.853072
   86.8013   75.3894
   85.2478   90.8062
   120.313   3.04569
   66.5538   89.8236
   111.064   90.6954
   117.758   115.498
   52.1232    112.49
   107.917   32.5237
   118.331   91.0117
       125   12.7516
    56.315   18.8795
   92.8712   89.2218
   109.231   8.54336
   12.6971   28.8403
   45.6783   15.5505
   112.529   92.5929
   93.0111   134.167
   112.733   91.4585
   89.1453   89.9811
   101.587   23.3736
   102.026   7.04449
   60.6974   89.7186
   120.142   87.7239
   31.0416   91.4019
   115.111   115.565
   59.7263   92.3412
   92.0325   89.3912
   166.624   126.092
   108.742   14.1328
   57.7064   89.4554
   94.4011   143.299
   121.219   92.0676
   118.843   31.4152
   114.104   90.9537
   66.3172   95.6851
   122.162   93.2095
   95.9098   1.49518
   120.715   90.9149
   92.9353   99.9425
   104.983   19.3482
   70.1576   85.6533
   116.736   84.8801
    75.447   78.0228
   10.8158   90.3009
   75.3118    7.7477
   92.6372   93.2218
   44.0427   91.0238
   78.2791   188.673
   115.558   25.3182
   56.4053    70.416
    116.31    90.645
   78.9944   19.0535
   69.1119   92.1348
   65.0258   88.1243
    84.634   64.3824
   107.684   15.4065
   51.0782   93.9042
   120.755   98.9094
   91.6088   32.2108
   94.4697   34.4266
    99.386  0.999595
   94.5757    12.315
   103.715   96.4206
   99.9767   88.9474
   97.6428     91.67
   74.9284   91.2553
   97.6795    4.5347
   120.926   91.1383
   48.6417   92.3898
   70.8984   35.6811
   47.7646   20.5324
   93.0629   90.9994
   109.426   46.0333
   57.5612  0.767066
   109.968   99.9052
   82.1769   33.9047
   85.3069   142.372
   109.121   38.2457
   109.414    112.45
   115.258   46.6126
   75.2857   71.2706
   93.9266   93.9682
   99.5971   90.9267
   105.134   91.0891
   102.723   91.3275
   327.486   170.216
   114.935   84.7191
   67.6807   7.82846
   106.468   95.7039
   24.5435   91.6169
   98.0461      91.3
   107.141   32.9162
   41.0243   89.0128
   120.274   98.4377
   84.8337   90.8543
       125   90.3971
   96.2256   25.6188
   111.453   94.3393
   114.384   94.1507
    117.59   96.3091
   104.492   5.65735
   78.1057   79.3029
   60.0263   7.73926
   103.583   42.4827
   83.2748    90.383
   117.131   90.9741
   61.1019   86.9968
   44.9336   64.5847
   96.6576   91.2175
   62.7147    89.255
   48.5741   14.4646
   85.9459   91.4773
    102.06   88.7745
   124.368   86.4852
   57.3119   90.9414
   67.6695   88.6195
   95.2891  0.498762
   96.1481   91.6647
   66.5614   90.7977
   90.3096   91.6742
   77.0264   87.8323
   106.168   94.8555
   108.442   14.5375
   90.6851   77.0222
   77.6592   16.2173
   100.453   20.3595
   100.183   5.35771
    95.831   6.66604
   97.3285   79.0381
   24.3297   18.5627
   86.7218    20.722
   110.423   104.047
   96.9188   90.3121
   105.345   29.1751
   124.379   79.7492
   113.835   92.4315
   105.825   94.9747
   76.6593   89.0651
   85.6045   42.7352
   80.4446   89.7059
   75.0646   94.5846
   93.8051   90.2729
   54.2535   90.2062
   142.885   16.2956
   115.047   89.6977
   79.7381   38.3245
   111.146   149.702
   119.356   59.5031
   43.8827   16.7039
    85.887   19.9343
       125   126.076
   57.4685   52.6586
   585.676   46.8101
   116.339   98.9387
   115.138   89.8115
   86.0936  0.625904
   57.1603   30.2974
   105.914   43.3205
    115.79   17.3408
    56.731   92.9667
   112.227   92.4736
   117.508   91.2738
   74.7775   108.095
   105.062   39.7602
    87.234   89.6943
   97.1144    89.979
   97.8469   2.73931
   89.1297   6.54856
   116.149   50.2082
   72.1173   86.1581
   78.1068   91.0553
   73.8829   54.9285
   91.7793   90.1044
   60.5808   144.276
   96.0209   46.0051
     107.9   90.9553
   75.6618   89.9733
   70.7043   91.4352
   120.765   108.924
   111.688   87.0167
   117.396   3.38189
   98.1453   1.21131
   99.9713   6.00402
   35.5925    25.349
    121.59   92.0679
    106.61   142.693
   119.007   18.8682
   51.4426   91.2457
    82.163    21.561
   116.958   51.5539
   79.3469   34.9775
   70.0935   91.2092
   75.3543   144.396
   86.9287   12.3491
   48.5344   40.9451
   35.5551   24.0241
   115.714   49.9276
   45.6828   70.4993
   117.298   46.2413
    76.865   212.356
   108.358   31.2104
   83.1425   87.7556
    64.702   91.9018
   110.583   13.9539
    80.076   87.5955
    46.847    91.738
   80.6131   91.7085
   60.7394   91.4999
   96.1123   14.9789
   97.3543   55.3169
   34.7276   90.4506
   57.4292   91.0362
   113.329   90.5832
   100.601   137.939
   52.3917   33.3426
   119.967   90.1626
    35.888   6.98214
   47.6409    18.929
   104.309   92.7012
   110.564   118.572
    99.644    89.345
   109.144   12.5757
   102.586   127.112
   98.8832   90.7176
   113.435   92.0145
    115.88   92.1925
   112.163   2.07765
   81.7527   86.2481
   61.8843   92.5615
   117.387   98.2036
    111.59   39.7776
   113.323   28.0307
   77.0396   12.1818
   100.706   88.3339
    100.78   72.3004
   97.7465   99.7268
   76.9827    89.634
    103.31    54.129
   19.8675  0.677601
   74.7162   89.6012
   51.9622   91.5466
   103.681   10.1173
   80.8156   91.4404
   118.348   17.6116
    93.953   72.6162
   115.832   58.1438
   54.8139   90.4346
   64.3507   8.12565
   101.672   85.1463
   83.5599   22.8901
   117.825   87.7807
   48.1236   87.8811
       125   89.9636
    119.53   16.1876
   90.0193   48.8419
   104.509   92.3619
    69.814   85.6971
   120.812   89.8647
   108.823   1.95313
   50.2482   6.80307
   53.6745   89.9243
   121.712   92.8971
   112.444   90.5947
   68.7493  0.326438
     109.1  0.742404
   72.1183    176.06
   49.4666   3.60718
    38.586   88.3531
   112.358   90.4998
   78.1811   33.2319
   78.2831   5.77551
   36.5127   89.7646
     109.5   6.43414
   55.6529  0.964771
   52.3027   89.1135
   101.793   88.9572
   105.555   91.6366
    72.606   8.01759
   71.4707    124.87
   52.4077   86.0133
   123.229   90.7172
   115.434   97.3826
    121.48   91.6344
   109.676   250.312
   77.7285   86.8591
   91.4257   88.7092
   48.3855   82.5862
   25.0388   91.9042
   98.3302   106.177
   119.763   91.2552
   85.5693   60.6772
   87.9869   81.1677
   98.8541   135.448
   92.0577   77.5163
   62.9565    92.433
   123.523   38.8473
   79.1914   44.5622
   107.656   12.4445
    80.102   24.7407
   46.7103   94.5162
   119.493   18.5086
   83.3326   10.4611
   21.1186   28.9861
   108.551   49.4442
   105.342   96.6521
   96.5361   84.3374
   114.497   91.9823
   77.0822   10.9394
   53.0122   92.9318
   56.9794   16.0006
   108.297   91.6188
   109.251   29.4218
   108.676   93.7133
   58.1343   4.65884
   108.908   49.3109
   96.9181   92.0482
   105.968   84.2281
   93.9964   65.6056
   68.6465   1.65102
   88.0962   93.6011
   64.8718   91.1856
   70.6882   12.4864
   115.427   89.4372
   90.9351   91.5368
   84.9301   90.7162
   51.1815   91.0609
   56.3705   88.8645
   83.8917   79.8821
   113.311   86.6895
   16.3759   80.7034
   120.032    90.365
   115.007    93.178
   96.2817   80.7583
   110.502   93.9538
   93.0163    79.863
   118.401   22.9859
   102.146   12.7602
    96.517   92.3038
   35.7123   78.3548
   108.328   93.5524
   110.961   92.8264
   104.724   54.2715
   78.5069   90.9631
   35.8069   92.3585
    69.738   89.6682
   114.612   92.2964
   89.0302   9.93605
   107.492   30.1855
   119.241   91.8346
    89.303   1.76944
   80.6222    28.606
   64.7201   25.5879
   107.596   32.9282
   182.637   30.4503
   120.876   35.2033
   51.3421   36.7686
   82.0788   87.9548
   55.5186     24.51
   99.2233   59.7539
       125   94.2365
   108.064   30.6979
   111.739   90.9769
   65.1243   90.4609
   56.3478   6.09436
   121.805   77.8835
   94.1608   88.8481
   85.7814   11.9208
   97.9583   89.5272
   108.208   90.6248
   117.242   4.86588
   91.7126   89.5281
   92.2272   43.3146
   96.8257   91.0207
   83.8788   91.5879
   98.2292   8.82643
   117.554   89.4948
   70.8961   80.1757
   115.511   92.2275
   94.2757   95.7788
   65.5278   89.2941
   80.8058   36.8352
   92.4664    51.512
   86.8479   90.5035
   76.7776   12.2642
   117.435   90.9434
   99.6221   48.7148
   73.9733   119.791
   45.5392   97.9622
   116.846   158.274
    115.78   0.46549
   49.8003  0.372043
   120.703   41.7936
   92.2723   49.9308
    73.398   18.3102
   107.582   56.6699
   114.112   91.0623
    96.113   91.2561
   89.7031   33.9088
   34.0426  0.903152
   100.869   45.6994
   119.305   90.0364
   85.5261   90.3463
   48.8898   89.0828
   108.018   89.8215
   107.253   91.1295
   50.4425   53.1367
   55.7793   89.4852
   112.686    90.272
   84.8002  0.983681
   99.3784    18.707
   62.0393   90.9395
   119.604   16.3028
   94.5577   93.7701
   82.7685   59.8194
   25.9761   112.884
       125   90.5733
     113.5   28.4553
      86.6   5.31454
   55.3123   3.09679
   108.739   15.8363
   94.7534   91.8949
   86.6366   87.3777
   94.9576   22.0575
   87.4603   91.6838
   98.0482   88.9556
   119.009   25.0015
   177.232   90.5686
   123.349   33.3908
   92.4418   89.0185
   62.8048   74.6088
   87.5539   88.8421
   81.9698   91.0014
   100.119   93.5325
   125.928    106.25
   66.6916   25.9879
   113.949   1.15548
   60.3835   89.6687
   25.3508   86.5277
   98.2175   1.29613
   112.755   7.95884
   120.949   86.6778
    51.356   90.0437
   124.565    85.412
   121.472   20.1168
   43.1961   92.1543
   99.1111   86.8808
   104.988   1.57476
   65.4179    89.389
   50.1681   92.6857
   42.8023   94.0007
   106.045   90.2662
   113.192   91.4148
   109.189   87.2676
   121.411  0.727815
   83.0968   16.1468
       125   89.1808
   40.0232    73.967
    117.93    36.743
   119.776   86.7808
   53.6323   12.7327
   73.1901   92.4479
   315.284   89.4863
   106.227   32.4079
   102.431   10.1799
   53.0717   146.688
   79.1849   50.9335
    69.556   75.3406
   107.505   90.6224
    71.859   95.1716
   67.9268    93.435
   29.5611   16.4561
   96.9757   31.5148
   115.406   92.5718
   120.694   30.1722
   24.2256   91.2966
   110.873    93.429
   188.096   89.1205
   90.7558   96.9274
   94.0893   59.5877
   86.5185    90.437
   115.866   105.873
   78.6548   88.0314
   108.007   85.8153
   108.034   91.8614
   108.408    30.322
   117.108    96.083
   31.6734  0.912907
    84.687   89.5295
   72.0172    0.3356
    54.325   10.1914
   97.6834   90.6782
   93.0883   89.6923
   115.611   90.8885
   112.799   88.2209
   121.593    88.513
   113.025    71.216
   46.2994   91.3822
   67.1616    95.317
   92.4475   89.9065
   93.3663   9.40891
   72.7298   29.6169
   92.8501   15.8725
   108.913   87.3805
   87.6929   93.1534
   46.9789   91.0359
   17.5605   19.1067
   80.4534   14.8243
   120.273   90.5695
   33.2383   11.0591
   117.843   13.4476
   94.9259   92.2039
   41.6317   87.4589
   113.994   85.8211
   72.5139   84.9311
   63.9611    73.822
   102.349   90.2574
   110.827  0.960807
   102.901   90.6436
   86.1572    7.2688
   51.3522   94.1918
   78.5869   0.38998
   102.347   92.0995
   42.1641    90.621
   102.615   93.0394
    73.168   91.2231
     60.17   49.5713
   114.116   1.15389
   96.1778   3.90788
   107.671   75.4797
    117.94   86.5958
   117.398   92.9583
   107.708   12.4875
   64.9286   10.8399
   106.472    95.891
   118.044   91.0687
   114.709   89.4037
   118.791   45.0118
   14.8605    94.147
   64.7163    93.917
    122.66   18.3869
   118.342    10.816
   98.3724   61.9021
     85.97   16.3279
   112.931   90.4426
   81.6115   90.2692
   102.021   91.2564
   18.5216   90.9232
   121.441   60.5619
   92.0081   4.07774
   120.084   26.9121
   120.749   91.9979
   108.112   90.8097
   86.8049   91.2641
   66.1376   25.3141
   78.0675   90.0661
   99.0668   23.7553
   95.2711   16.8101
   71.3506   1.96674
   104.837   78.0791
    70.937   90.1531
   96.1589   67.8104
   36.7173   90.0984
   104.271   85.9079
   84.6668    90.944
   75.7525   100.698
   114.921   90.6298
   50.5346   1.30425
   110.028    84.538
   111.124   90.2127
   105.522   27.5339
   86.0838   100.951
   42.8893   10.2775
   90.0156     88.92
    52.943   90.3108
   92.9662   84.9595
   63.2235   21.5717
   59.1726   93.1718
   74.3177    12.353
    79.315   90.3912
   59.1526   89.8242
   68.6833   1.14274
    23.228   1.46051
   48.1791   91.0358
   77.3321   91.9537
   112.406   11.8542
   112.349   88.7933
   120.848   58.1695
    93.756   91.7319
   112.513   15.9389
   47.8457   21.5522
   69.0264   91.3717
   85.0894   91.9107
   92.1713   89.9582
   89.4827   90.9599
   119.985   90.4727
   97.0587    91.173
   28.9624   12.4623
   102.742   15.5674
   118.927   66.5054
   18.0581   89.9103
   118.833   89.2956
    112.68   55.9592
   91.9663  0.552179
    102.35   26.5654
   92.2671   93.8612
   106.672   60.3015
   116.088   48.1732
   49.4384   4.54236
   55.7893   4.65164
   89.1489   92.6419
   102.684   36.8199
   44.4801   99.4799
   96.1671   19.6965
   101.662   94.3227
   102.106   99.6773
    82.187   47.7859
   105.527   20.1553
   94.4179   36.1055
   75.8979   26.1877
   103.866   89.5111
   55.7974   91.3434
   42.6456   90.6387
   106.174   91.5498
   118.931   80.4243
   103.031   21.1326
   69.7763   89.7767
   36.2906   123.927
   93.9678   90.6681
   74.9103   19.0722
   52.7576   2.39228
   92.3458   77.7971
   64.0842   90.8441
   109.779   88.0182
   103.319    91.844
   43.9657   91.7879
   102.229   50.7495
   74.4369   47.5733
   106.035   32.6877
   93.7923   91.2341
   77.0926   34.6634
   111.841   81.1935
   91.6644   1.77559
   30.8537   90.9859
   109.722   5.60967
   109.731   92.3931
   249.561   50.4402
   99.5142   90.9115
   72.5074   1.11622
   121.994   91.8862
   75.4398   16.5631
   92.4424   85.7623
   106.054   89.0709
   71.7447   93.2377
   112.895   89.8968
   83.4784   3.45496
   90.9021   91.0346
   38.1598   7.32874
   80.8414   4.38065
   105.676    89.863
    110.85   85.7352
   66.7452   92.0888
   101.992   24.6005
   88.4322    62.406
   101.872    74.132
   73.4261   88.8058
   89.4654   91.0953
   94.0251   22.7254
    48.304   92.3802
   74.3321   65.4992
   79.1666   89.1842
   33.0007   91.3775
   92.7006   90.5371
    101.28    104.37
   44.0873    45.356
   107.686   44.1962
   121.046   37.7065
   70.2351  0.322576
   65.4489   1.75029
   101.571   17.6123
   110.629   39.8659
   83.0467   12.9765
   53.3951   83.7909
   50.0988   8.96499
   102.208   90.7778
   120.881   91.4798
   89.1792   91.4847
   82.0204   65.1933
   58.3907   93.9375
    80.057   6.99319
   89.9285   8.86433
   117.195   77.6156
   105.183   91.2381
   87.6703   109.965
   64.1512   6.90133
   106.486   85.4773
   87.2576   83.2711
   53.0164    89.107
   109.426   90.2758
   52.6901   9.92512
   120.423   94.4866
   55.1119   92.3327
   71.2615   96.9757
   94.9653   92.8301
   27.0956   89.7861
