3.71236
0.546685
0.546685
19.4491
7.51569
0.429009
7.51569
4.89063
4.6626
0.13957
6.76775
1.94011
1.94011
14.6425
0.13957
0.13957
4.49172
0.13957
0.13957
0.13957
9.984
4.15555
4.15555
5.71146
4.88521
2.2278e-12
4.88521
0.13957
2.82612
2.82612
3.3499
6.04864
6.04864
5.16774
9.56378
3.99315
3.99315
21.4047
0.13957
0.13957
8.56721
7.83564
0.13957
7.83564
7.62431
0.13957
0.13957
0.13957
0.13957
5.40395
0.13957
5.91585
0.13957
0.13957
6.77745
4.49213
0.13957
0.289943
5.94918
8.25793
7.38908
7.38908
4.47409
4.47409
2.02131
3.85409
3.85409
0.13957
4.90587
6.21362
6.21362
0.634699
0.13957
0.13957
5.24943
0.13957
1.57644
7.92104
6.25071
0.13957
0.13957
3.78124
7.58227
7.58227
4.65914
3.29847
0.13957
4.7103
0.13957
15.1267
5.67549
0.13957
5.67549
6.822
1.49056
4.85132
0.13957
0.13957
5.01674
4.83572
4.83572
0.13957
0.13957
0.13957
4.50838
3.12436
3.12436
9.1756
4.93499
0.13957
4.22901
0.13957
3.18546
0.13957
0.13957
11.7227
0.13957
0.13957
24.9743
0.35772
13.3981
0.35772
-1.03238e-07
5.77563
2.3622
6.57821
0
6.57821
13.6599
0
2.67063
5.96851
5.96851
3.20734
3.98178
3.98178
2.74001
0.13957
3.24345
0.13957
0.13957
0.13957
6.55578
0.13957
6.55578
0.13957
5.36783
7.68224
7.68224
5.49407
0.13957
0.13957
3.34782
4.35155
4.35155
0
0.13957
0.871567
1.24284
1.24284
5.73612
2.77169
2.77169
0.13957
6.56844
0
0
15.4573
11.7963
8.57583
2.48069
3.27685
3.27685
0.13957
3.24112
0.13957
15.415
7.04813
8.23703
6.67509
3.37175e-07
3.37175e-07
5.68985
0.13957
0.13957
4.59764
7.11172
0.13957
0.13957
1.94465
4.88356
4.88356
3.64447
1.91996
1.91996
0.13957
0.13957
5.10769
5.24922
2.69092
3.70401
-2.6974e-06
3.70401
-2.6974e-06
0.13957
5.31489
5.31489
7.91557
0.140891
0.140891
5.37578
0.13957
0.13957
2.06439
0.13957
1.05367e-08
0.264894
9.44191
9.44191
6.96361
11.8204
4.08351
4.08351
2.38419e-07
1.62591
2.98602
2.98602
2.38419e-07
11.3982
0.13957
0.13957
5.79119
0.13957
0.13957
2.49858
2.49858
2.45317
0.906224
9.62231
0.900948
6.7435e-07
0.900948
6.7435e-07
7.04144
2.80144
1.88258
2.80144
0.13957
2.11216
0
0
6.99116
0.13957
0.13957
14.0415
0.13957
0.13957
4.9817
0.13957
7.88785
1.7166
0
1.7166
0.13957
5.41591
0.13957
0.13957
9.58691
0.13957
0.13957
6.04304
0.13957
0.13957
0.13957
7.24841
4.86761
0.13957
0.13957
5.62571
3.54142
0.13957
5.10553
0.13957
0.13957
0.50829
0.13957
0.13957
16.9544
0.437344
0.437344
3.5299
4.41418
4.41418
7.4798
1.99458
18.5807
7.23812
3.65243
3.65243
0.615418
0.13957
0.13957
21.1004
6.44074
6.44074
5.7521
0.274345
0.274345
0.13957
2.78431
0.13957
6.14493
5.13532
4.43103
9.11915
5.90449
5.90449
8.2332
6.76938
0.13957
0.13957
5.63302
6.55079
4.83348
0.13957
4.74519
0.13957
0.13957
17.2622
2.3593
2.3593
0.13957
4.04541
0.13957
0.13957
6.39532
0.13957
0.13957
2.41292
3.46243
3.46243
5.81563
3.55177
0.13957
0.13957
2.81032
2.81032
0.13957
7.83295
0.13957
0.13957
0.13957
1.28622e-12
4.05825
0.13957
7.0249
5.00222
5.00222
0.13957
5.71013
3.44153
3.44153
2.05767
5.26112
0.13957
0.13957
1.17545
2.63418e-09
2.63418e-09
8.27695
0.13957
0.13957
4.72362
4.83496
4.83496
0.13957
9.50603
8.85539
-4.76837e-07
8.61769
3.01045
3.01045
2.8124
5.7963
2.07483
8.34173
8.52158
8.52158
3.71282
6.13337
4.69302
13.3219
0.247089
9.3529
4.86481
0.13957
5.70745
-2.27374e-13
-2.27374e-13
8.94111
4.30935
1.93455
4.30935
8.72668
4.64224
0.13957
7.4859
12.6577
3.65652
5.11941
5.11941
5.55487
7.20722
7.20722
0.13957
2.4602
1.96974
1.96974
2.84728
5.19073
3.58901
5.19073
0.13957
7.41914
5.21894
5.21894
9.29422
2.45408
2.45408
0.13957
0.13957
9.31246
7.96568
4.3027
10.7235
6.83868
0.13957
6.83868
0.13957
7.54966
0.13957
0.13957
3.74202
5.86933
5.86933
1.37332
6.67834
-1.82501e-08
-1.82501e-08
8.84151
2.36972
4.65661e-10
5.25961
0
0
3.32688
0.13957
0.13957
0.13957
8.82692
3.03916
0.13957
9.1008
3.75641
3.75641
6.54951
3.51812
0.13957
0.13957
4.21468e-08
7.63299
0.184924
0.13957
6.03282
0.13957
0.13957
1.01812
2.93418
4.82976
6.98002
17.3762
3.0782
3.0782
0.13957
11.4487
0.13957
0.13957
0.13957
3.2829
6.62288
6.62288
6.04352
3.59616
0.13957
0.13957
0.99139
0.13957
6.07456
4.85471
4.85471
0.13957
7.71809
3.95589
0.13957
3.95589
10.8021
6.53024
6.53024
4.60401
7.1749
7.1749
4.54224
2.69494
3.17944
3.17944
90.2998
10.4229
10.4229
3.52593
4.63694
7.93645
3.79728
0.13957
6.80486
1.54259
0.13957
29.3645
3.3783
3.45142
5.49996
0.13957
0.13957
10.8277
3.19233
3.19233
0.13957
0.13957
3.91291
0
0
7.43233
3.74143
3.74143
5.78613
5.64639
5.64639
3.71026
5.36191
5.36191
0.13957
7.05904
2.92421
4.25718
2.92421
0.13957
2.44071
3.32453
3.32453
0.13957
0.497979
0.13957
0.13957
6.71255
2.99674
2.27689
1.9407
1.9407
1.87793
-1.86265e-09
0.13957
4.19093
-2.38419e-07
-2.38419e-07
6.09793
5.29794
5.29794
0.369247
0.13957
3.17633
2.04599
0.13957
3.09479
8.46951
8.46951
8.44447
5.48396
4.29412
5.48396
4.29412
0.13957
0.13957
0.13957
15.824
2.77489
2.77489
3.6534
3.6534
10.3576
7.42759
0.13957
0.13957
5.54796
5.17589
0.13957
0.447821
0.13957
5.887
0.696822
2.46311
0.13957
0.13957
10.6727
5.14201
5.14201
10.6367
1.82644
0.13957
1.82644
0.13957
0.13957
7.23146
1.91255
0.13957
4.66934
0.13957
9.13071
7.47823
0.13957
10.4476
3.96789
9.48682
1.2678
1.2678
3.00985
0.13957
0.13957
12.02
10.0371
10.0371
2.54995
5.67443
5.67443
3.18245
3.14199
3.14199
11.8953
-1.16415e-10
-1.16415e-10
8.92283
9.14078
0.13957
0.13957
1.57348
5.02299
0.13957
0.592362
0.13957
0.13957
4.83484
5.26836e-09
6.84617
1.25884
1.25884
0.13957
4.1379
0.13957
2.99972
0
0
7.05855
0.487398
0.13957
13.4861
2.55776
0.13957
2.55776
0.13957
2.25662
2.05391
2.05391
1.64636e-10
4.36028
0.13957
0.13957
8.68785
6.86495
0.13957
0.13957
0.764001
3.19434
0.13957
3.19434
3.40047
0.13957
3.50108
0.13957
0.13957
6.47699
5.03514
0.13957
5.03514
12.6745
10.9665
10.9665
5.88188
4.12819
-2.38419e-07
6.30576
11.3421
5.28369
5.28369
4.89398
0
0
6.15779
0.13957
39.9688
8.13925
8.13925
5.52625
0.13957
7.5058
6.31687
6.31687
3.43336
5.2039
5.2039
19.7218
7.23433
7.23433
0.13957
5.60408
1.59128
0.13957
7.77819
4.80309
4.80309
0.13957
6.3071
5.88021
0
1.92513
4.78118
4.78118
0.13957
5.71344
8.18194
8.18194
7.23895
2.4716
3.21849
6.04636
0.13957
0.13957
31.3243
0.463916
3.56448e-11
0.463916
2.56301
3.21148
3.21148
-1.05367e-08
8.49976
5.00619
0.13957
6.74915
0.13957
0.13957
5.90589
0.13957
7.34841
0.13957
0.13957
10.3329
4.14065
4.14065
0.13957
0.13957
5.32983
0.13957
0.13957
5.9522
8.10967
8.10967
3.99246
0.13957
11.297
4.93176
4.93176
0.13957
0.13957
0.13957
0.13957
7.58953
2.61006
2.61006
0.13957
5.95338
5.95338
10.2859
2.47131
0.13957
7.28677
7.74083
7.74083
-1.97563e-09
11.7948
5.47869
0.13957
3.58987
0.13957
0.13957
5.88484
0.13957
0.13957
11.9257
1.91694
1.91694
0.13957
5.18548
6.24065
0.13957
7.01305
8.52912
5.77213
5.77213
12.9452
0.13957
0.13957
2.29051
0.13957
3.39636
2.90119
2.90119
5.58772
0.13957
2.21131
0.13957
0.13957
3.85792
0.13957
3.07108
0.13957
4.92677
1.15975
3.72529e-09
11.1354
13.2636
0.13957
8.9467
0.13957
0.13957
0.443436
0.13957
0.13957
3.43438
-2.05795e-11
-2.05795e-11
3.24574
6.53022
6.53022
8.58113
6.74285
1.13996
8.76164
12.861
12.861
7.1992
6.48973
0.13957
5.74491
0.13957
0.13957
5.49016
1.77149
1.77149
7.91936
7.91936
0.13957
3.9754
0.13957
0.13957
5.82579
0
6.92255
1.15365
1.15365
0.13957
3.94971
0.13957
0.13957
5.15868
6.76251
5.9332
5.9332
0.13957
8.63698
4.01565
4.01565
11.3541
4.21468e-08
4.21468e-08
6.53113
3.68635
3.68635
6.97084
0.13957
5.08109
2.81123
2.81123
0.629234
6.87887
0.13957
0.13957
0.13957
1.97849
0.13957
0.13957
7.66152
0.17707
0.17707
26.7694
3.4246
0
3.4246
4.72348
0.13957
0.13957
7.67044
0.93475
0.93475
5.71235
2.85745
0.13957
6.20616
2.34559
2.34559
4.41359
0.13957
0.13957
6.11156
6.06715
6.06715
3.74414
0.13957
0.13957
4.502
7.62916
7.62916
5.06988
5.21642
5.00009
5.00009
10.6553
0.13957
10.6175
0.13957
0.13957
8.55918
4.36415
0.13957
0.13957
0.13957
4.69682
4.57266
0.13957
0.13957
0.13957
2.93788
11.7017
0.13957
3.91304
6.19819
6.19819
0.13957
6.83901
3.68853
0.13957
8.11269
8.34776
8.34776
5.55602
1.58194
1.58194
0
2.46474
0.13957
8.04602
2.7391
2.7391
4.04354
1.67369
0.13957
3.85201
3.56386
3.56386
0.13957
7.91492
0.13957
0.13957
0.13957
5.51393
5.51393
7.31321
1.59736
3.2495
10.9059
3.45591
3.45591
5.65708
1.1109
2.02998
0.13957
5.02186
0
4.99539
4.65221
-2.98023e-08
1.45804
0.205318
0.205318
4.83144
5.12051
0.13957
0.959432
3.82764
3.82764
1.78436
5.50831
5.50831
7.25711
7.61
0.13957
0.13957
5.40993
7.37629
0.13957
5.14403
2.12409
0.13957
3.65975
0.13957
0.13957
0.13957
10.6671
6.01206
9.60643
13.3079
0.13957
3.04334
2.11676
0.13957
2.11676
0.13957
6.51697
6.39715
0.13957
6.39715
2.89621
4.39654
4.39654
2.35641
3.92546
9.26112
9.26112
3.08817
5.01731
5.21078
5.21078
1.05921
0.13957
0.13957
15.3633
0.13957
0.13957
14.2876
0.13957
0.13957
6.45804
2.04477
2.04477
7.1142
0.13957
0.13957
2.20147
4.13926
4.13926
4.08236
16.3063
4.79812
4.79812
0.13957
0.13957
3.09423
0.13957
2.72616
8.52261
8.52261
0.13957
4.7732
4.7732
0.13957
4.25328
0.13957
3.29458
0.13957
0.13957
21.4811
0.13957
0.13957
4.65534
-9.12506e-09
2.51194
4.24461
4.24461
0.13957
2.19755
3.94494
3.94494
15.936
7.91128
7.91128
0.731812
2.22758
2.22758
0.13957
6.97442
4.93007
4.93007
0
5.64497
4.2233
0.13957
4.2233
0.13957
5.32782
1.91389
1.91389
5.14809
3.85199
-8.91119e-12
1.86265e-09
9.46629
0.13957
0.13957
18.7531
2.251
6.67751
2.251
-3.72529e-09
4.53991
0.13957
0.13957
5.39067
2.45545
2.45545
0.13957
2.89482
0.13957
2.36777
5.83801
0.13957
3.27724
2.8612
2.8612
4.26842
5.10689
0.221007
0.221007
0.936325
0.13957
2.61945
1.66586
1.66586
4.30952
3.65398
7.57319
3.57033
4.61113
4.61113
4.35676
0
30.2995
0.13957
0.13957
10.4237
6.3697
0.13957
6.3697
0.140883
2.41462
8.54579
4.05495
0.13957
0.13957
5.36155
7.26195
7.26195
5.70948
4.82432
0.13957
2.42088
7.24907
7.24907
2.33732
0.13957
3.14537
4.31011
4.31011
4.8776
0.13957
2.75263
3.55318
3.55318
2.50939
4.61949
3.6146
3.6146
0.13957
1.46136
1.73455e-09
1.73455e-09
4.32438
0.13957
0.13957
12.9727
3.81817
3.81817
3.86089
8.70233
5.35514
0.13957
7.46539
6.60338
6.60338
9.23658
6.52584
4.00156
3.96537
4.00156
0.13957
1.27949
0.13957
0.13957
5.12404
1.36184
1.36184
8.59096
8.05699
0
0
5.61341
0.13957
0.13957
1.53472
5.04796
5.04796
2.37209
5.86828
7.69424
6.74367
1.06023
0.13957
0.13957
0.13957
0.13957
0.13957
6.53498
0.13957
0.13957
5.10827
0.139818
0.139818
0.13957
4.39365
0.13957
0.13957
10.4661
7.19846
7.19846
8.64093
6.39902
0.5298
0.13957
0.679381
6.98008
3.21217
3.21217
0.13957
1.49012e-08
5.09504
4.73172
7.58785
0.13957
7.58785
2.447
3.47324
3.47324
4.68817
4.68817
8.13273
2.51619
2.51619
0.13957
1.1976
-2.10734e-08
-2.10734e-08
4.9455
6.4279
6.4279
8.31138
5.80862
0.13957
0.13957
14.3181
2.74996
10.7078
4.82258
2.42931
-4.76837e-07
-4.76837e-07
7.47637
0.13957
0.13957
3.96227
0.502524
0.13957
10.0543
10.9003
7.01636
2.52088
5.37976
5.37976
0.13957
6.97077
0.139637
0.139637
7.65648
0.13957
4.48804
5.00454
5.00454
0.13957
4.89607
0.13957
6.3068
7.71818
3.27834
0.13957
6.27057
4.99376
4.99376
0.13957
6.7775
0.13957
1.0679
5.83901
0.13957
5.57277
0.385004
5.0863
5.0863
0.13957
2.67227
7.83311
4.19923
3.18472
0.13957
0.13957
7.82023
0.13957
6.86084
0.13957
0.13957
1.02142
0.13957
0.13957
0.13957
5.57455
0.13957
0.13957
9.53587
0.13957
0.13957
0.810198
7.28613
4.4507
10.0205
11.1567
1.77876
4.11495
4.11495
0.13957
1.24864
5.97482
5.97482
0.13957
3.67988
-6.58545e-10
0.364953
5.43944
5.43944
0.13957
4.96736
5.623
5.623
8.11449
5.94285
0.13957
4.02791
6.76732
6.76732
0.13957
17.6208
6.19297
0.13957
0.13957
7.78034
0.13957
4.73859
6.9651
8.28021
0
0
12.6196
2.90578
2.90578
9.32732
9.06365
0.13957
9.06365
7.69572
7.29169
7.29169
0.13957
0.354419
7.27328
0.13957
0.13957
3.75501
3.89434
3.89434
7.72483
5.30495
0.13957
10.3355
6.67049
6.67049
0.13957
0.13957
0.13957
9.70215
0.13957
9.11007
5.21849
5.21849
9.7214
2.45177
2.45177
0.13957
13.2992
0.13957
0.378671
1.69288
1.69288
0.13957
7.16729
0.13957
9.75886
4.33589
0
12.7561
5.30862
5.30862
3.15731
0.13957
0.13957
6.24871
0.13957
0.13957
5.25719
0.13957
8.67913
0.13957
0.13957
9.36978
11.0214
4.48575
4.48575
0.13957
9.98769
5.48223
5.48223
-1.49012e-08
4.95284
2.93675
2.93675
-6.58545e-10
2.76138
0.13957
12.8175
3.69715
0
3.69715
0
6.4499
5.54881
5.54881
0.13957
3.84774
1.69965
1.69965
9.8102
3.10293
3.10293
5.92061
6.26858
0.13957
0.13957
9.36088
2.33088
2.33088
-5.96046e-08
6.88248
5.92301
2.91119
5.92301
0.13957
0.13957
1.6983
1.6983
0.13957
8.52492
4.29911
4.29911
3.73421
-4.76837e-07
-4.76837e-07
13.4194
0.13957
0.13957
8.51616
6.03866
5.59678
0.13957
6.03866
0.13957
6.98329
3.20613
4.75426
8.81256
3.88686
7.93436
5.51422
5.51422
9.10172
6.60882
6.60882
4.10654
4.10654
5.96173
11.367
0.13957
3.83234
6.05186
4.51792
6.05186
4.51792
15.3762
16.3317
0.13957
0.13957
6.35024
0.13957
0.13957
0.13957
6.76387
1.25135
6.76387
10.0962
0.13957
5.05707
2.92252
2.92252
0.13957
6.18304
6.18304
3.55639
4.71458
4.73015
4.73015
0.13957
0.13957
7.85735
7.38764
4.46193
2.5938
10.2176
6.7339
9.27684
2.50242
9.29268
4.76837e-07
4.76837e-07
6.72896
0.13957
0.13957
0.13957
0.388082
0.388082
0.13957
9.0451
0.13957
0.13957
9.28253
6.60789
8.49136
6.19174
3.30172
3.30172
9.68275
-5.96046e-08
-5.96046e-08
9.90173
7.57802
5.14112
6.0287
3.53532
5.52624
7.93804
2.98023e-08
5.05234
0.13957
0.13957
1.54828
0.13957
12.0872
4.10156
0.13957
4.10156
3.31866
3.83621
3.83621
0.13957
2.39262
4.70517
0.13957
1.18021
0.13957
0.13957
2.00314
5.66611
0.223362
5.5373
0.13957
6.48619
10.1709
5.05166
2.3292
5.57418
10.0595
0.13957
2.71803
0.13957
0.13957
8.93443
6.64344
-2.38419e-07
6.64344
-2.38419e-07
21.2964
4.60292
4.15503
1.96678
3.11107
5.70316e-10
3.87894
0.13957
6.65976
4.10691
4.10691
5.27871
0.13957
0.13957
7.27573
0.13957
0.939269
-3.71002e-11
-3.71002e-11
6.29885
5.30671
5.30671
2.54497
0.13957
0.13957
12.6919
2.18327
2.18327
6.75029
0.13957
0.13957
0.13957
0.13957
0.13957
7.13385
0.13957
0.13957
1.63271
0.13957
0.13957
5.39381
7.92873
7.92873
0
0
2.81876
0.13957
0.13957
5.90965
4.89035
4.89035
2.38419e-07
2.78946
0.13957
0.13957
8.41826
0.13957
0.13957
14.3577
4.46776
4.46776
0.13957
8.22326
0.13957
9.84394
0.13957
2.5239
0.13957
1.14063e-09
14.0861
6.31468
0.13957
0.13957
6.11208
0.13957
0.13957
6.01847
0
0
6.46217
2.87917
0.13957
2.5375
4.16579
2.34402
4.45763
0.13957
4.45763
8.1912
3.24545
0.13957
8.12432
5.42565
1.29048e-08
6.89825
0.520405
0.520405
0.13957
6.11399
0.13957
0.13957
0.13957
3.05942
7.7071
0.13957
8.26566
2.95997
4.16191
4.16191
10.8923
0.13957
0.13957
13.1773
5.358
5.358
1.3805
1.59789
1.59789
0.13957
4.69347
4.79346
0.13957
0.13957
6.32633
5.15943
8.99324
0.13957
0.13957
4.94478
6.74916
6.74916
3.505
3.46872
0.13957
7.72716
0.13957
0.13957
0.974364
8.61203
8.61203
6.8615
2.84143
0.13957
5.51776
6.47652
6.47652
0.13957
6.97187
4.76837e-07
4.76837e-07
7.83468
5.61289
5.61289
0.13957
8.40786
0.13957
0.13957
0.13957
2.35692
2.35692
0.13957
0.13957
4.95921
5.6568
5.6568
4.58486
0.13957
10.9897
5.76212
5.76212
0.13957
5.1679
0.314022
4.61572
6.98909
0.13957
0.13957
5.11165
2.85729
9.68709
0.13957
2.85729
0.13957
9.18684
9.18684
5.47469
4.25493
0.13957
6.07275
0.13957
7.54574
6.22859
4.13466
0.13957
1.22471
1.22471
6.1382
6.32672
0.13957
9.37951
1.54142
1.54142
0
0
5.94378
2.658
6.05758
12.7868
1.98127
1.98127
1.24577
-5.16191e-08
-5.16191e-08
0.758849
1.61119
1.61119
8.89745
9.00057
0.13957
2.76764
8.60075
0.13957
0.13957
5.43163
3.58397
0.13957
10.8506
6.19366
0.13957
0.13957
8.13177
4.76026
0.13957
9.63466
2.57104
2.57104
0.13957
5.5492
4.73717
4.73717
0.13957
4.54712
3.35704
0.13957
7.38711
5.86049
4.28051
4.28051
0.13957
0.13957
0.13957
7.62935
0.13957
8.39892
0.13957
3.98002
0.13957
2.09184
1.52783
0
1.52783
7.45182
2.65251
8.06549e-10
8.06549e-10
2.54764
7.62481
7.62481
3.29014
4.48934
4.48934
0.13957
0.13957
0.606455
0.13957
3.33986
-1.54003e-10
-1.54003e-10
7.7803
15.5951
0
8.24852
7.60129
0.13957
0.139584
5.3411
5.3411
0.13957
3.64547
1.99329
0.13957
0.13957
18.4884
0.13957
-6.7435e-07
3.98065
0.13957
0.13957
6.10836
8.31034
3.97914
8.31034
3.97914
4.12802
0.13957
7.31229
6.48298
2.76828
2.76828
0.13957
4.1586
8.5325
8.64862
4.21923
0.13957
3.35468
3.35468
9.56221
7.75776
0.13957
0.13957
5.5109
1.7938
1.7938
2.13517
5.24721
5.24721
0.147953
2.57021
2.57021
9.31323e-10
13.6076
0.13957
4.46377
11.6554
0.13957
0.13957
7.86031
0.13957
0.13957
5.9921
6.89853
6.89853
0.13957
0.13957
0.5993
0.5993
0.13957
14.2295
9.11452
0.152772
9.11452
18.9305
18.0703
0.13957
2.28516
4.65806
0.13957
0.166771
0.13957
4.21603
5.61603
5.61603
0.717707
0.612172
0.612172
0.13957
9.76211
8.27426
0.13957
9.88644
2.75815
2.75815
0.13957
5.69677
0.565255
0.13957
4.29301
2.67552
5.94537
9.70583
9.70583
8.31237
0.13957
0.13957
4.30189
5.75216
0.13957
11.611
11.611
9.23696
5.31249
1.09296
0.13957
5.06319
0.13957
0.13957
7.31409
0.13957
0.13957
7.94567
7.51237
0.13957
12.0302
0.0509867
0.0509867
0
7.55391
0.13957
0.13957
0.13957
4.83457
0.13957
4.83457
0.13957
14.4426
6.07656
9.26762
0.13957
5.07326
0.13957
7.92994
6.08262
6.08262
5.27163
7.27894
6.43053
0.13957
0.13957
0.13957
10.3806
9.35767
9.35767
12.0953
0.13957
0.13957
11.2927
2.67417
7.41883
7.41883
0.13957
0.13957
12.3519
0.13957
0.13957
6.67175
3.37175e-07
3.37175e-07
7.9471
1.83458
8.13101
2.83881
0.13957
2.83881
3.07174
4.61024
4.61024
7.7234
0.13957
0.13957
3.14984
-9.09495e-13
5.46153
0.13957
0.13957
8.09734
9.40553
3.31402
9.40553
6.15541
3.90908
3.90908
6.34152
1.09427
0.13957
12.325
0.341289
0.341289
6.82101
3.3481
8.73731
1.64007
1.64007
0.13957
5.39217
0.13957
10.4936
3.64472
0.13957
1.6435
7.2977
7.2977
0.13957
6.64754
0.13957
0.13957
7.92998
5.40827
0
0
7.19137
2.71386
3.05281
3.05281
0.13957
0.474234
2.11668
2.11668
3.72529e-09
7.12651
0.13957
0.13957
7.47383e-08
5.24845
4.43911
4.43911
0
9.27442
0.13957
0.13957
2.80299
0.13957
0.13957
0.574622
-3.49463e-08
-3.49463e-08
9.3985
2.89546
0.13957
6.72049
0
6.72049
3.55289
0.13957
2.49176
0.13957
0.13957
2.77545
0.13957
3.02911
2.93686
2.84054
5.05247
5.05247
0.13957
0.13957
7.30713
6.47933
6.47933
7.92419
7.31193
7.31193
0.13957
4.76887
7.09253
0.13957
0.13957
7.65148
3.645
3.645
5.79816
7.88526
7.45058e-09
7.45058e-09
8.2183
0.98542
0.98542
4.21468e-08
2.79203
1.96663
8.61989
2.84443
2.84443
5.62092
5.62092
5.55451
2.26928
2.26928
0.13957
2.20139
0.13957
0.13957
8.51583
6.73237
4.26351
6.73237
4.26351
0.13957
1.87806
0.13957
0.13957
8.5472
6.00757
6.00757
6.59471
0.13957
0.13957
5.31895
4.33707
4.33707
2.01951
4.77485
13.7099
6.95104
5.5122
5.67317
2.97091
2.97091
5.27745
6.16508
0.13957
0.13957
13.649
12.1495
12.1495
6.75736
8.93251
2.72715
2.72715
2.58731
0.13957
3.49993
1.06617
0.141475
0.225949
0.13957
4.12649
6.90221
6.90221
5.91513
0
5.91
0.13957
0.13957
7.53168
0.13957
5.88662
5.60212
5.60212
7.87266
3.84741
3.84741
0.13957
11.1589
2.93388
0
2.93388
0
1.42219
4.84854
0.13957
5.8161
0.13957
0.13957
2.44082
-2.57244e-12
-2.57244e-12
0.141484
0.13957
0.13957
3.66649
10.139
10.139
5.9892
10.1979
7.53094
7.53094
0
0
10.6161
3.45577
1.24889
3.45577
0.13957
4.254
3.68552
0.13957
0.13957
6.46287
2.74489
3.43056
3.43056
0.13957
3.21921
0.13957
3.75839
3.84074
2.58085
6.38214
0.13957
0.13957
2.04689
-5.26836e-09
2.96335
5.99852
2.00656
0.13957
0.13957
3.03338
2.03957
0.13957
1.5288
1.45519e-11
3.49718
0.13957
0.13957
7.61503
1.92723
0.13957
2.1256
6.21294
6.21294
2.38523
0.13957
0.13957
16.2894
4.3099
-3.72529e-09
4.3099
0.712936
0.13957
0.164239
0.13957
0.13957
12.0537
5.36571
7.24708
3.76419
3.76419
9.06247
0.13957
0.13957
6.60987
8.33651e-09
8.33651e-09
3.01341
4.85261
4.85261
9.05258
3.63321
3.63321
5.67512
6.79853
2.58555
2.58555
0.13957
4.63021
4.63021
5.68972
2.60705
0.13957
0.13957
5.51062
5.29149
5.29149
0.13957
6.71399
1.42217
1.42217
2.58096e-08
4.48497
0.13957
7.39302
3.04099
4.67814
0.13957
0.13957
6.54324
0.139756
0.139756
4.80191
0.13957
5.80184
7.37773
0.13957
1.79613
0.13957
0.13957
6.46954
6.65834
4.46955
4.46955
3.56146
4.33825
4.33825
4.0144
0.13957
0.13957
1.05981
0.13957
0.13957
9.84061
4.18052
4.18052
0.13957
10.8533
1.73039
0.13957
1.73039
8.25873
1.91729
1.91729
0.13957
6.38582
2.47196
4.33382
0.13957
2.08894
3.31066
3.74437
3.99734
0.13957
0.13957
0.13957
0.923358
0.923358
5.43021
3.44685
0.13957
3.44685
0.13957
0.13957
4.47605
4.47605
4.63493
4.79827
6.11745
11.7118
7.3486
0.13957
2.77882
6.10676
6.10676
4.93856
4.03195
4.03195
5.02798
4.69841
0.13957
0.13957
8.41035
8.53003
6.02528
6.02528
4.01995
5.96518
8.94081
8.41004
5.86289
8.41004
5.86289
0.139861
2.76024
0
3.49467
0.13957
0.13957
0.993766
0.13957
0.13957
0.246017
0.78137
0.13957
0.78137
10.143
8.05114
5.51063
5.51063
0.13957
5.99372
3.48886
0.13957
4.24851
2.69062
0.13957
0.13957
8.87357
5.89934
5.89934
15.4954
5.33895
5.33895
5.51176
5.11952
5.11952
1.81899e-12
6.16387
0.13957
12.7091
11.2185
10.4812
7.39868
7.45058e-09
7.45058e-09
0.13957
0.13957
-9.31323e-10
-9.31323e-10
0.13957
-9.12506e-09
1.32106
6.32947
6.32947
0.13957
5.34599
2.89093
-1.70905e-08
3.05882
0.13957
4.25712
3.46544
0.13957
0.13957
5.30495
5.30495
4.86188
0.13957
6.7846
0.13957
0.13957
1.5951
5.33084
0.13957
8.52641
1.94749
0
3.23777
3.9817
3.9817
4.73729
6.10241
0.13957
0.13957
0.139785
7.17026
0
0
13.2711
3.32803
0.13957
3.32803
10.3244
5.46206
5.46206
26.5068
2.44928
0.13957
2.44928
0.13957
10.2797
0.13957
0.13957
1.15942
0.934983
0.934983
2.76344
0.13957
0.13957
3.495
1.27071
0.13957
1.14618
0.13957
0.13957
-1.19209e-07
2.46473
0.13957
5.73367
3.49036
3.49036
12.0553
0.13957
0.13957
5.80243
0.13957
2.6366
0.13957
1.59551
2.04642
2.04642
0.13957
8.90731
0.13957
4.09721
7.1429
7.37756
0.13957
0.13957
3.04151
8.44446
2.57882
2.57882
5.93712
0.211888
2.10734e-08
0.211888
2.10734e-08
0.13957
0.140027
0.140027
6.15656
4.23664
-2.98023e-08
11.1603
6.83912
0.13957
6.83912
6.35143
0.13957
0.13957
6.68337
0.13957
0.13957
3.22136
1.65759
1.65759
0.13957
8.48247
6.14047
1.4495
7.15658
3.87528
7.58068
2.85147
7.33144
1.10928
0.13957
5.83717
5.52814
5.52814
1.23554e-08
5.59402
0.13957
0.6942
0.13957
0.13957
0.13957
5.00579
5.00579
0.13957
46.3841
4.82523
0.13957
4.82523
4.70995
3.90964
3.90964
0.13957
6.6923
0.13957
0.13957
3.81223
4.62387
4.62387
0.13957
0.13957
5.87048
6.73371
0.13957
0.13957
3.88041
5.32667
5.32667
0.13957
6.09807
0.13957
35.9542
4.56591
4.56591
2.85031
-1.05367e-08
2.65257
4.01519
3.10635e-09
7.82986
0.150771
0.150771
0.13957
5.20927
5.20927
4.51495
5.07621
0.13957
5.07621
0.13957
13.412
0.13957
0.13957
9.51586
6.50848
0.13957
21.1942
8.86474
1.49012e-08
3.35462
2.71703
2.71703
14.3755
12.1273
5.1245
12.1273
14.4127
0.13957
0.13957
10.5901
4.58743
4.58743
10.9493
2.61971
2.61971
12.7117
7.68232
2.66498
0.13957
0.169398
5.15058
5.15058
3.56432
1.24225
1.24225
0.13957
19.5459
0.13957
-1.68587e-07
3.3995
3.51965
0.13957
28.1775
3.8287
3.8287
5.71966
5.9817
5.9817
0.13957
11.2223
6.81921
5.38454
6.81921
12.5618
6.01146
6.01146
0.13957
7.32372
3.68097
3.68097
0.13957
7.96598
0.13957
0.13957
1.85729
0.13957
0.13957
5.48089
-1.49012e-08
6.60705
0.13957
0.13957
6.22513
2.13668
0.13957
0.13957
3.7387
2.86343
1.23202e-09
1.23202e-09
1.96098
7.34493
0.13957
0.13957
7.3052
3.47976
2.54349
16.4702
5.08294
0.13957
5.08294
0.13957
2.18454
0.13957
4.43063
5.18483
0.13957
0.13957
4.32499
4.41484
4.41484
8.78363
0.13957
0.13957
1.45168
5.55986
5.55986
0.13957
6.82262
12.9763
0.13957
12.9763
3.01107
0.13957
0.13957
2.56012
5.26013
4.97522
0.13957
5.87677
3.3516
1.92522
4.89837
4.89837
7.71732e-12
7.71732e-12
5.6463
8.83242
3.28143
6.14391e-08
3.28143
3.9011
8.4647
8.4647
9.75551
1.75243
1.75243
5.76226e-10
7.6453
0.13957
0.13957
3.94693
0.13957
7.86283
-2.05795e-11
9.09261
1.01617
0.13957
1.01617
3.21915
0.13957
0.13957
3.5434
5.04889
5.04889
10.0807
5.30086
3.37175e-07
5.30086
5.52248
1.48518
1.48518
0.13957
5.29338
6.76012
0.13957
6.76012
3.24465
1.31709e-09
5.27199
3.53457
3.53457
0.13957
11.0716
6.30566
0.13957
1.82674
0.13957
-2.98023e-08
4.09634
5.81889
1.92892
8.88565
0.13957
10.3044
7.78872
7.78872
3.98401
7.14531
7.14531
-2.05795e-11
-2.05795e-11
8.64441
4.7697
-4.1159e-11
4.7697
3.07988
0.13957
0.13957
3.20905
2.05551
2.05551
7.05103
4.1159e-11
4.1159e-11
9.08301
3.13346
8.0899e-11
4.12997
0
0
9.42796
0.13957
0.13957
4.55719
0.13957
0.13957
7.73835
6.00758
0.454339
14.6373
-1.3487e-06
-1.3487e-06
3.29839
0.13957
0.13957
8.87082
0.13957
0.13957
15.4552
2.22613
0.13957
2.22613
0.13957
13.5801
8.60299
0.13957
0.13957
11.559
2.05419
0.13957
5.26054
6.24846
0.13957
0.13957
6.21963
6.21963
10.1927
0.13957
0.13957
0.13957
0.13957
7.9582
5.68066
5.68066
0.13957
3.29955
6.98211
6.98211
6.09766
0.13957
2.29877
8.42937e-08
8.42937e-08
13.6972
3.64522
0.13957
0.13957
8.19409
0.13957
11.303
2.27374e-13
2.27374e-13
2.79308
0.13957
5.42763
0.13957
0.13957
3.0948
5.68419
5.68419
5.93715
1.76862
1.76862
0.13957
4.89443
0.13957
6.32834
4.04862
4.04862
5.75355
-9.53674e-07
2.162
7.49759
0.13957
6.18661
5.5459
5.5459
7.59833
4.42326
4.42326
0.13957
0.13957
0.13957
0.13957
5.69263
5.00248
0.13957
0.13957
5.40557
4.43994
4.43994
6.75402
6.59736
2.5894
6.59736
10.2162
6.29681
6.29681
4.56827
0.13957
0.13957
1.0689
5.33368
5.33368
9.62884
0.13957
0.13957
8.25059
2.37555
7.24669
6.42524
6.42524
0.13957
0.13957
7.35508
0.13957
0.13957
6.76541
2.245
8.92191
7.0776
7.0776
4.76055
7.17357
7.17357
7.71115
0.13957
0.13957
5.92104
3.58931
3.58931
0.13957
2.97041
3.39877
3.39877
5.44605
4.5095
12.6374
5.96046e-08
5.96046e-08
3.50415
5.0949
4.11913
0.13957
0.13957
3.72346
5.19102
5.19102
0.13957
0
2.42209
5.60501
5.60501
0.13957
7.73589
1.53631
8.43364
3.41008
0.13957
0.13957
1.55328
0.13957
0.13957
7.53233
2.90394
0.13957
2.90394
0.13957
3.95243
7.6298
0.13957
7.01486
4.57257
4.57257
3.76017
8.90693
0.13957
0.13957
9.30812
3.24106
3.24106
3.93949
4.21905
4.21905
0.13957
0.13957
2.34472
-9.42432e-08
-9.42432e-08
7.76782
5.67805
-5.77248e-14
5.67805
-5.77248e-14
5.67741
0.609074
0.609074
0
3.61093
3.33856
