0.944002
0.00506267
3.43066
2.66281
2.84552
3.37955e-08
3.77132
2.57184
0.57064
3.25636
1.40052
0.00056529
1.35267
2.68548
1.6905
2.98816
2.56894
1.45726
1.45118
0.0052697
1.39604
1.38361
1.77465
2.75183
1.76826
1.53304
2.33728
3.02675
2.21788
0.998309
2.62918
4.86941
3.1718e-07
2.88831
1.37073
3.24339
3.14068
0.000322469
2.82674
1.64655
2.67034
1.991
2.64218
0.00624834
2.34894
2.969
2.85612
2.43685
2.37803
1.63814
1.90551
3.24076
3.07251
0.030258
2.23198
2.79297
1.68888
2.45399
0.00134484
1.40531
0.00269088
2.64333
2.21677
1.77594
1.77727
2.48671
1.50799
1.50733
1.09177
7.1371e-07
2.5358
1.17507
2.7517
1.4413
1.449
2.6463
1.39831
0.000112257
3.06679
2.64834
3.57369
2.9582
2.27984
0.00210412
1.88626
2.29628
2.12009
2.59686
0.828964
0.00104975
1.91788
1.53985
0.000785863
2.85704
1.3996
2.27713
0.00274873
1.57297
3.01185
0.00448013
0.000105372
3.11972
0.900064
2.14243
0.899302
2.74766
0.00117309
2.89021
3.38126
7.91378e-08
3.29308
2.43011
0.00394686
3.28307
1.3839
2.92045
8.11837e-05
3.23489
0.656017
0.654396
2.83005
2.66201
0.000579757
3.26214
2.69291
0.449449
1.30272
1.41148
2.20592
3.19383
1.4153
2.52618
3.30841
4.65207
0.00275195
0.126302
1.44427
1.49948
3.03691
0.0021466
0.977403
2.52972
2.56902
2.97197
3.6949
3.03235
3.31965
1.0831
2.92395
2.98548
2.44033
0.00887616
0.00197939
1.63683
1.73195
2.90959
1.04949
2.19763
2.40934
2.81434
0.858649
3.23099
0.858003
2.65646
1.15803
3.17658
1.49485
3.10038
1.157
1.88279
5.32856e-07
2.82913
0.000600841
2.65853
3.13666
2.82782
0.00209269
2.88824
2.67739
0.0247768
1.04756
1.35569
0.0242138
2.94507
2.76279
1.38076
1.3811
0.072836
1.26193
2.69635
3.14139
1.26269
1.95526
1.42675
2.5238
2.57224
1.83316
1.41933
2.29508
3.12302
0.0789042
1.95143
1.81081
0.0640142
2.0584
1.06749
2.52794
0.432462
0.778086
3.12769
3.44023
0.779319
2.72497
2.65183
0.00212362
2.71163
1.36785
0.000767468
1.32994
1.94718
2.65948
2.05096
3.38649
2.3715
3.16055
0.390946
2.58884
1.74706
2.4767
0.00056152
1.22147
2.57688
2.25522
2.60815
2.21935
0.00298811
2.78893
3.15044
1.55559
2.93225
2.85823
1.31459
2.88326
2.72959
0.00216321
1.49878
2.65656
2.98203
3.00036
1.15833
2.97895
4.29028
2.96592
2.81201
1.39285
1.40823
0.0147726
2.49204
1.7712
1.733
0.00508313
5.24107
4.4743
2.61083
2.47041
1.96278
2.33573
2.4986
1.97242
2.34942
0.313082
2.95698
0.53274
0.53215
1.11207
2.9924
3.14963
2.87177e-06
1.91505
1.47106
2.74586
9.70898e-05
0.00115534
0.184787
0.000383682
2.8245
0.922434
2.94947
0.00144667
2.02169
9.42028e-05
1.00261
0.962023
0.00147946
2.99246
0.960772
1.53763
1.62887
0.000176175
3.66371
3.02899
2.03379
0.00354066
2.80679
1.55916
1.51914
3.29496
2.56717
2.99672
0.499565
3.14467
4.19705
5.81603
0.125556
3.0343
0.00609052
0.000710011
3.28411
1.85009
3.15976
2.21624
2.86506
0.914822
0.00254447
1.90206
2.18409
2.81628
1.3008
1.30033
1.97559
3.32665
1.28825
1.28801
3.11388
0.00489899
0.000835716
3.36259
1.35789
1.41066
1.3579
2.37535
2.57701
0.901277
2.11055
2.51545
2.90205
1.78309
1.72392
0.00540252
2.96948
2.96879
0.00265814
2.80262
0.0622334
0.0968432
2.99334
4.45864
2.89936
0.00176987
3.07893
2.64623
2.92361
2.44563
0.87975
2.36689
3.16069
1.57529
1.60432
1.59754
0.00844264
1.28287
3.1506
3.21463
3.15118
0.00235442
0.00127267
2.95342
0.79673
3.01779
0.00107977
2.92761
0.000366211
0.00276734
1.80941
1.12546e-07
1.65364
2.13716
3.11459
3.82646
0.00618008
3.15117
1.49297
0.622691
1.57264
4.1965e-06
2.04411
0.761358
3.04675
2.43736
0.574773
0.00538123
0.862687
0.00605634
0.00046317
2.42304
3.11799
0.000694966
1.83719
0.124574
2.86135
1.74435
2.06561
1.74715
1.87248
2.65703
0.000721338
0.000382493
2.26103
2.7947
3.09815
0.020226
2.6949
2.66445
3.38039
3.13751
0.0057278
2.29881
3.66259
2.88191
1.72113
1.91132
1.22583
0.633377
2.87424
0.79594
2.98922
0.795887
2.71628
1.86533
0.00291032
3.15385
2.71266
2.61205
0.996928
1.70641e-07
1.65947
1.61021
2.73743
0.0171649
5.57764
2.79629
0.937483
1.9515
0.937961
1.75502
1.60224e-07
2.5348
2.73638
1.75516
1.31542
2.32817
2.98125
1.17405
1.15982
0.00163439
0.406028
2.98059
3.05564
2.78256
3.00952
3.2846
0.903793
0.904493
1.61078
1.56399
3.42146
2.84799
0.0191185
2.97118
2.69279
2.61959
2.82578
2.03878
0.0343483
0.00175519
1.49302
0.00359781
3.17513
2.451
0.0150578
0.00286087
3.12693
0.78965
2.74508
1.00455
0.789578
3.30558
4.03378
2.35891
0.00613008
0.000812253
1.55666
1.96231
1.69622
3.4638
2.82
3.16787
1.54175
0.897892
1.55459
1.92512
2.97642
1.20624
2.88059
3.42284
1.42904
1.4286
2.98155
1.46589
1.62677
1.62677
1.29952e-06
1.65955
3.23351
1.10379
2.73689
1.64617
1.53438
1.09284
2.67132
0.588334
0.913396
3.26422
2.66245
2.86386
2.50598
3.24989
0.00252641
2.85745
0.50564
2.73741
0.00144539
1.48887
0.00536666
3.31261
3.15613
2.20297
1.50969
0.00258484
2.93671
0.000921349
2.66005
1.46652
0.111899
2.58306
1.04629e-06
0.00299018
2.93565
1.91446
3.19998
2.52663
1.55643
0.00237925
2.81209
2.11135
0.0695239
4.3735e-05
0.573187
2.86101
1.82418
2.06885
1.65043
1.6469
3.0412
0.000889806
0.00171842
3.20626
0.00270126
2.37374
0.00999679
2.30052
2.65413
0.777381
2.89583
0.777819
2.12235
2.58362
2.61759
0.64955
1.41398
3.01276
2.32397
0.00025299
1.21695
0.0475689
2.45664
1.03
0.00232418
3.00436
1.49807
0.000253916
2.85698
1.73718
0.00062639
1.19029
2.48297
2.28724
2.86816
2.85521
2.24671
0.00156858
0.000247484
1.48674
2.90548
2.93317
4.30656
3.03711
1.52312
1.69916
1.35025
1.35025
2.11097
0.001247
1.75651
1.09452
2.95719
1.94377
0.052554
0.241722
1.40783
2.81243
1.40814
3.67567
2.37825
2.58393
1.83579
2.94442e-07
2.76266
2.44116
0.788088
3.17858
2.28963
1.94691
1.23681
3.0766
0.00648524
0.55716
0.00960708
1.88317
2.62779
0.00120282
0.003002
0.791411
0.00103986
3.11854
4.18431
3.28968
0.00122473
1.29796e-07
1.84405
1.56697
2.53319
2.84286
0.000698098
1.52727
3.03141
3.25135
2.84336
2.49286
1.68278
3.07118
2.74559
2.98549
1.18663
1.1921
2.1033
2.27152
0.00100064
1.69142
0.982931
1.35392
2.30601
2.95151
1.30997
2.00284
1.30848
0.90905
1.61448
0.434345
1.32288
0.0562868
2.35555
1.68726
0.44618
1.24867
0.00172604
2.83828
2.76915
2.62976
3.11652
0.000995104
0.000509942
1.50268
2.88407
2.23678
2.95036
2.56214
1.66458
2.20205
2.86951
0.026994
0.121256
2.38602
0.0130318
2.33265
2.81262
2.8843
0.000501673
1.20842
1.22757
1.51887
1.09559
2.47665
0.00150422
2.07306
2.5892
3.41035
2.24798
1.90761
0.124114
3.02459
2.82806
2.72916
1.64896
1.7414
1.64267
1.44843
1.44104
0.000634881
2.00897
2.52864
2.82912
1.08237
2.62761
2.88965
0.00564328
2.39302
1.73704
1.88406
2.62113
2.88315
0.288725
2.96572
3.11763
0.00134947
1.46754
2.79536
2.37003
2.78921
1.77701
0.0122712
3.06129
1.86653e-07
1.33504
3.38222
2.72087
2.19517
2.76423
2.89513
0.834639
2.47488
0.834639
2.48667
2.78153
2.48326
1.00727
2.51958
3.0559
1.0131
2.61577
3.15715
1.89694
2.21061
0.00259833
0.00238034
0.00242213
2.35494
2.01476
1.83678
0.00370003
2.27283
0.00410632
0.0137311
0.914066
3.21428
2.52174
1.88138
3.34027
3.25151
2.79265
0.193512
2.80115
3.11427
0.705267
2.32568
1.2593
1.64912
2.22871
2.48493
0.00124657
2.37771
1.49866
1.58736
1.36885
0.597665
2.73629
2.89287
1.36503
2.66689
1.34783
2.19795
1.80393
3.01834
3.28154
2.5745
1.20969
1.4611
3.68414
2.12095
2.65123
1.66825
3.29716
0.0010952
2.05187
1.29733
2.38288
1.29175
1.24921
1.91153
0.00936161
2.43861
1.91142
3.10085
1.29063
2.31341
1.28874
2.04973
2.93495
1.48054
2.18774
0.00826106
0.00151264
2.78639
1.22761
3.35578
1.88781
1.60577
1.92524e-05
2.97064
2.85939
7.59363e-05
0.00195909
0.00110828
3.03329
3.12108
1.30771
1.3096
2.30997e-07
3.1989
3.70207
1.60284
0.787917
3.0021
1.79488
2.9957
2.3225
3.02356
2.0848
2.5244
3.21833
2.58315
0.000791118
0.000148611
3.0053
0.0482205
3.96204e-07
1.05639
3.15689
3.00104
2.73194
3.50234
3.07368
2.6486
4.52413e-07
2.46812e-07
1.69953
2.48147
1.75376
2.83148
1.69535
1.62387
1.10036
2.59328
3.08597
2.47798
1.27833
1.50972
0.00133693
2.84394
1.39929
2.09887
1.51244
2.92554
0.00432565
0.00215403
2.7109
2.73509
0.691041
0.691223
3.45508
0.0032735
2.30937
2.11671
2.94924
3.37559
3.34806
2.30913
0.00603244
0.00272039
3.0964
0.0119789
0.00187549
0.00444498
3.133
0.00614528
0.333949
2.72338
1.89085
1.89516
0.012791
2.7149
2.73102
1.39652
3.30042
0.0352347
2.95478
0.90492
2.67774
3.19499
3.01493
0.00198992
0.000734147
4.60299
0.789553
0.000461946
0.00315431
2.5818
1.80504
1.8132
1.71236
0.000425469
0.0136996
0.230329
1.32354e-05
2.52378
2.86783
2.62277
1.44589
3.00441
1.44989
1.56063
2.8496
2.97037
1.6511
1.52885e-05
1.70706
0.378476
2.20143
2.74106
1.45684
0.940842
0.000802361
1.16464
1.96696
2.89124
1.37149
2.87792
1.69253
2.95098
2.22626
2.39198
1.17066
0.17128
0.970677
0.919312
3.43573
4.92178
0.000335312
2.00175
2.69223
7.93969e-08
2.89985
1.59414
2.22805
3.36769e-08
2.05315
0.919524
2.33737
6.36593
5.18809
0.0183235
1.62544
2.8979
3.08282
3.32192
3.02211
2.86695
1.98104
2.98349
3.83777
1.22982
1.23004
2.63489
0.000444992
2.64007
3.54072
0.362461
2.98454
0.000611422
1.68725e-07
1.02724
3.11979
2.8978
3.3825
2.80895
2.92505
0.00191323
1.36353
1.21167
1.87631
0.000559468
2.09891
1.61239
2.97965
0.0138586
0.000465195
2.76786
2.21791
2.48483
1.48899
2.22001
1.48666e-07
3.13174
0.0546945
2.72046
1.24132
2.54504
2.22715
1.24234
1.62281
3.35542
2.54476
1.80136
0.301281
2.77441
3.04261
2.04691
3.28262
0.00192167
1.63836e-07
0.780915
2.98384
2.75287
1.15605
3.0013
2.93568
3.76125
2.33459
0.955477
3.07465
2.99187
1.01603
1.93603
1.01205
1.66542
3.18609
1.71962
1.73522
1.00603
2.99072
0.00520064
0.000423003
0.0701501
3.15102
0.573731
2.28008
0.573606
2.50975
1.17494
2.84081
0.682324
1.38364
0.682069
1.3926
2.71497
1.45556
3.08381
0.00116594
1.17464
2.58503
2.48266
0.00027559
2.44385
2.1558
3.00451
0.458288
2.02735
0.458358
1.93627
0.914524
1.50303
2.5766
1.91208
2.30536
0.00145085
3.03054
3.13755
1.55744
2.8881
2.24345
1.39496
1.07569
2.19096
1.35166
2.96934
1.35158
0.00125939
3.29881
1.66521
3.04605
0.00152571
0.000454646
1.72424
0.00216386
2.90483
1.9848e-07
2.18919
1.45175
1.71969
2.4255
0.000396476
2.79644
3.20672e-05
1.87253
1.64701e-05
1.96444
2.57656
1.1981e-06
0.0115868
0.00128159
3.0266
0.641896
2.5573
3.15186
3.16448
3.6833e-09
2.91767
0.0182531
1.41262
2.74775
2.75662
2.63943
1.9166
3.15857
2.89117
1.44063
2.38034
0.00080556
0.00120867
2.47124
2.59858e-07
1.20026e-07
2.83787
0.00511458
3.45093
1.24504
1.23764
3.10581
0.60601
1.63079
0.550661
1.88758
2.78361
0.909477
2.56144
2.27365
0.909393
1.95129
3.15381
2.84095
1.18161
1.18101
3.0799
1.59268
3.55499
1.59494
1.98438
3.20095
2.22841
1.54097
1.49987
1.57348
0.00117579
1.62057
2.69403
2.38811
2.5466
2.18316
1.78573
0.00100919
0.01099
2.04416
0.00187966
0.00995152
1.50194
3.06957
0.000698371
0.00268325
1.0344
0.0126286
1.81478
2.86394
1.38431
1.2329
1.80484
2.15542
1.19454
0.00452928
3.21113
3.22727
0.00438528
4.83694e-07
3.12546
0.00180368
1.96819
0.0231566
2.90818
0.000362378
2.62899
2.91522
1.27937
2.43104
1.27804
1.15249
0.0013049
3.29941
1.53569
2.89872
0.00196902
1.89113
2.5127
2.89518
2.66878
1.37869
2.07449
2.82104
2.01964
0.000446555
2.6723
1.88505
1.43901
1.94684
3.15199
2.99879
2.20665
0.00208176
1.87938
1.7194
3.10131
1.37395
0.00188169
0.0386792
0.423649
1.99479
2.87801
3.00925
0.00859133
0.889533
2.94978
2.51232
3.00852
3.75686
1.75451
3.00423
1.53242
0.000826243
0.84716
2.79061
2.05359
3.20568
2.83531
2.12947
2.03297
2.96137e-07
0.000111238
0.815637
0.00383409
3.32543
3.32646
2.17263
5.12785e-07
1.29782
0.0088755
1.53378
1.08065
2.51261
2.91821
0.952739
0.952739
0.00387203
2.34401
2.16091
0.00955653
0.000428699
2.10524
2.6221
3.03118
2.75878
4.76553e-07
1.73521
1.75973
0.00111633
3.03611
7.88124e-07
1.89056
1.42099
3.14922
2.38759
1.24605e-06
1.42087
0.0025245
1.91346
2.76544
2.96358
2.59753
0.00235367
0.0118375
0.172987
0.00242985
3.20974
1.21889
1.54759
3.11276
2.03304
2.91296
0.931962
0.931038
1.99779
1.15755
2.0793e-07
2.09943
2.22319
1.66495e-05
0.0214844
2.02018
3.86181
2.12098
0.000198653
0.229317
3.21416
2.3543
0.000500864
1.28338
2.84658
3.60299e-07
0.0252153
2.20782
0.00521542
0.000477442
1.29829
2.87402e-07
1.14099
2.49262
2.34516
1.24767
1.94204
2.60354
3.98296
2.59709
1.06628e-05
1.94364
1.37519
1.62785
1.57639
2.65636
2.61583
2.53265
2.94161
3.55283
1.46538
8.22336e-05
2.11791
3.12456
2.03062
1.13136
4.94999
0.000261413
2.6562
1.55552
0.80855
2.26178
0.0163451
2.79267
0.000639345
0.952897
2.73271
2.9774
3.17138
2.12753
0.000404268
1.18756
1.24561
2.57675
2.1153
2.11523
0.982927
3.01281
3.17144
3.07441
0.000582944
2.98815
1.11132
2.25573
0.000311626
1.40758
8.68378e-07
2.81314
0.0140752
2.66846
2.79903
2.76068
2.70173
1.38311
1.38502
3.08172
2.04845
0.965897
2.71929
3.20357
2.53618
1.71954
3.42964
0.684619
2.19914
0.695379
1.27967
1.13205
1.86043
0.000179848
2.54692
3.36165
2.49867
2.65632
0.00430212
0.00217626
1.35819
2.51756
3.39587
0.987109
1.43844
1.43744
0.911856
1.07293
0.0375232
3.21066
3.32031
2.26894
0.0008334
2.67775
1.21702
2.81959
0.000977241
3.16815
2.14033
1.88572
0.00667394
0.0666181
2.7681
1.57666
3.38529
0.545885
2.25524
0.0085934
1.03818
2.23402
2.32844
2.98935
1.91863
4.3062e-07
2.45051
0.000572322
0.000613
6.71806e-08
1.03066
3.08785
3.86728
2.64974
2.62237
2.56672
2.89183
2.99504
1.19384
3.93548
3.66892
1.19482
3.22083
1.47157
2.628
0.000385111
1.69252
0.00201065
2.424
1.67623e-06
2.04133
1.33101
2.5835
2.33725
3.37991
0.00418954
2.30501
0.0669151
2.34547
1.00779
2.01549
2.09766
0.000630553
2.58389
2.06396
2.74202
2.60159
1.9223
2.81779
2.97173
2.66308
2.5084
0.00624399
0.00113045
0.347842
2.92089
0.0035834
1.69773
3.19255
0.00313123
2.06248
3.45091
1.67781
4.23374
1.13438
2.1874
2.97267
2.20003
2.50187
0.00215134
0.000203033
1.37933
1.59659
2.13562
1.59163
9.33897e-05
3.13163
0.933304
2.79215
3.19899
0.00255928
3.53333
0.932435
3.80522
2.80893
0.646542
0.933392
2.89096
0.890105
3.06309
0.478471
0.478469
4.61537e-07
2.56009
0.00780874
2.01092
2.95814
0.995382
0.994984
1.80012
0.00701036
3.30212
0.0643442
2.97543
1.3609
1.35984
3.04908
0.00152151
0.00343138
0.0703717
2.75574
0.478494
1.5146
0.00561836
2.75933
1.97939
2.25828
0.000770727
3.04294
2.91532
0.00754479
2.03667
3.45814
1.27061
0.00183544
2.06337
1.91584
0.00318887
1.37815
0.00305134
2.51018
1.38598
2.88027
0.0030315
1.22576
2.60912
2.10802
1.22733
3.25468
0.0490874
2.89896
0.00129217
0.000605801
1.29793
1.70637
1.41576
2.26675
3.31438
2.31303
2.6449
0.000944511
0.000869254
2.32533
1.46762
2.97289
2.48181
1.4713
2.67903
1.80343
1.83727
0.0843151
3.1132
0.000535418
0.865899
0.00334495
1.47339
1.06976
0.000665498
1.47879
3.17827
2.65632
1.75482
0.00104065
3.32352
1.96535
0.00158603
3.09825
1.51129
0.00206335
3.45191
2.77423
1.94291
0.00278343
2.64257
2.35937
1.35445
1.88317
0.368661
0.00577335
0.000314243
2.89846
1.32981
2.77162
0.00792441
1.60625
1.13526
0.00756957
3.49796
3.38952
2.72731
2.16551
0.873924
2.8152
0.0119159
0.0010344
2.54962
1.34629
2.59468
2.87627
2.60926
1.35417
2.84074
3.88555
2.07171
0.00596572
3.49448
2.08383
0.0235567
2.05581
2.65017
2.73855
0.428482
2.48241
3.08015
2.66163
4.21479
2.61862
2.51018
2.90273
7.49185e-07
4.35211e-07
0.000354264
2.03485
2.32273
2.23136
1.16817
2.53544
3.03702
0.000500715
1.81701
0.695264
2.27547
0.694785
1.85464
2.8004
0.00440027
0.00055425
3.1273
0.590338
0.587176
3.51435e-07
2.46035
1.36432
3.00255
0.00307856
0.208703
0.000282923
0.430392
2.85426
2.93796
3.06606
2.43731
2.81073
1.07127
2.95135
1.07629
2.83402
4.26765
0.88721
2.96841
2.86301
2.97278
1.35989
2.87751
2.74195
2.88985
3.09815
2.08585
3.37671
6.70237e-05
2.50017
3.09207
1.36527
3.06075
2.14505
2.5063
1.47471
2.95966
1.47037
0.00141659
0.689148
3.08663
2.88097
3.16897
2.75044
3.0573
3.14051
1.18475
1.18417
2.29316
1.79583e-07
1.47806
2.04897
0.99107
1.37191
3.22876
1.863
1.15552
1.71641
1.8657
3.01922
0.000210533
1.94074
1.52868
1.77622
0.00185214
3.28674
1.71024
1.70965
0.000194798
2.82036
1.19554
0.512085
0.000586814
3.22129
0.971486
2.75232
3.30514
0.0100113
0.926406
0.808829
2.45767
0.00305259
0.00290983
2.94928
1.66779
1.66849
1.78359
2.37502
0.00245777
2.4562
1.15606
1.83852
3.36969
0.00271611
1.22131
2.63731
3.16441
0.727751
0.730561
3.79667
1.24472
1.27022
0.00152858
3.26187
4.16334e-05
0.882766
2.35906
2.78846
3.01174
2.71096
3.74723
2.18321
0.0614987
3.07733
1.62171
1.62079
3.79553
2.64245
0.929762
0.933718
0.00120701
1.06536
2.49156
1.96561
3.22152
3.29054
0.000812139
1.30495
2.90953
2.70648
1.6042
1.57623
3.13575
1.28015
1.28345
0.178628
2.8366
1.78469
0.502742
1.77
2.21046
2.45626
0.0173141
0.00452912
1.18878e-05
2.09582
2.55253
1.78529
1.22881
2.43792
1.69641
1.40744
0.00261371
2.28992
0.836219
2.61988
2.32008e-06
0.00141577
1.34386
0.00117521
0.920772
2.95901
2.74028
2.97193
3.0556
0.000438816
1.32799
3.37632
3.52635
2.60916
3.70407e-05
2.8622
0.706987
3.0515
3.06112
0.00230771
3.16741
0.00794194
0.0011902
0.0949281
0.927459
2.42961
2.64081
3.35093
1.2475
2.40719
1.13046
2.6796
3.03653
1.12374
1.56349
1.79812
2.03821
3.34975
0.619917
2.88668
2.05007
1.71835
2.77618
1.80801
1.61579
2.71208
2.15763
2.11552
0.000118883
2.81792
1.1269
2.03619
1.96881
0.00138773
0.0612282
0.601182
2.67859
2.88934
2.84751
3.11291
1.89363
1.53814
3.23965
1.49815
3.29983
1.15225
1.1532
0.00063076
2.65563
0.773638
2.41734
0.00115473
2.65233
0.77099
0.00214133
2.24402
3.03256
1.0559
2.35765
1.0559
2.98186
1.25693
3.40304
1.70751
3.18711
2.73059
3.24209
0.000565791
2.05431
2.11606e-08
2.05851
0.00187673
2.66232
0.000838629
0.0694156
1.92609
2.55638
2.64975
0.00571872
1.79915
2.06598
2.66583
1.02333
1.73127
4.1617
0.698291
2.74578
1.4531
1.02414
2.71439
1.20458
1.72442
2.30905
2.59127
0.00280694
0.00982938
3.28983
0.682382
0.682305
0.000699766
2.60164
1.27535
2.04753
1.61864
3.27271
0.978747
0.00932035
2.60124
2.17099
0.0441432
1.12262
1.32065
3.08499
1.10709e-06
2.98829e-07
0.000749347
1.91535
1.78912
2.09241
5.92491e-06
1.81376
2.94909
0.000273893
2.66354
1.21558
1.55948
3.66591
0.0150652
0.786117
2.37801
2.85399
2.43943
2.69941
2.33643
3.14661
1.24564
1.24557
0.163981
2.96153
1.06423
2.13098e-07
3.10224
1.27529
3.27236
0.0259516
0.132227
0.608005
2.89036
3.0162
3.25927
1.21933
1.65545
0.626866
2.91392
0.980972
0.98162
1.43461
2.15899
1.28407
0.000906466
3.27075
2.12412
2.56834
0.00247116
2.80801
2.30675
0.00170503
2.80122
2.20737
1.68826
0.00583993
3.43688
0.186479
3.19921
0.00423909
2.95774
0.00594641
0.00561187
1.38131
0.00113227
2.28126
1.63991
3.00448
2.41039
1.72001
0.0273328
2.69802
2.72897
2.72856
0.000250932
3.08209
5.08119e-05
1.09554
3.43564
2.30928
3.2785
0.000985458
1.30005
3.62119
3.15547
3.07006
2.57461
0.000557726
2.672e-07
1.82449
0.00330354
3.3105
0.00202201
1.12375
3.00278
2.62528
3.02337
1.5321
3.5893
1.31531
1.30988
2.99315
1.05951e-06
0.00624685
0.000492129
2.79333
1.97609
1.29509
0.000598573
2.59978
0.939326
1.76724
2.83518
0.0107569
0.000819336
0.000679157
1.49683
2.35579
0.00261984
0.770422
2.77736
3.69599
2.34045
2.76927
2.64024
0.889708
0.649662
3.08621
2.75341
1.29485
0.866777
1.50963
2.20694
2.06098
2.21193
2.85818
0.00847323
2.5101
1.79789
2.18002
2.03769
2.33364
2.61664
2.78464
2.63392
0.010992
2.31706
3.31729
2.85018
0.649479
0.671979
1.16463
2.77254
3.05233
3.1019
3.10724
1.18987
1.16533
2.16557
2.22907
3.02052
1.79246
0.000428948
0.838784
2.42626
2.60818
2.51388
3.00571
2.3857
3.15111
0.00408859
3.09804
2.98776
2.00192
0.000861425
5.64125e-05
2.39924
0.802878
2.72661
8.65947e-08
0.0180825
1.70838
0.427202
1.7649
1.25063
0.000470457
2.53374
0.792
2.36541
2.72047
1.38434
1.4544
3.09144
3.08001
1.26003
1.25711
0.00144978
2.95351
1.52159
2.91239
0.018977
1.04059
2.27078
2.35041
4.25149
0.000633712
2.27511
3.05481
2.54783
0.000561161
2.83137
0.00515787
2.85668
0.838741
3.73674
3.1601
0.00243214
3.00351
1.48598
2.24087
1.48606
2.4268
0.000271548
3.12408
0.557347
2.66912
0.00490076
0.0772171
1.04225
0.00243815
3.42915
3.09175
2.86797
2.93076
2.31106
1.03768
1.83919
1.83563
2.8597
1.11102
2.22541
3.15466
1.11288
2.82191
0.000533119
2.49859
1.84173
3.46294
1.05244
1.64438
1.74059
1.6741e-07
0.934948
2.75519
0.0164164
0.00149095
6.89909
1.6895
1.2328
2.00514
1.95423
1.30192
2.94992
0.00655244
0.00103845
2.81946
1.02955
0.970365
3.00906
1.02963
1.91485
2.37688
1.54052
1.45758
3.36806
2.61743
2.52629
2.94967
0.0148821
1.80865
0.00223123
0.822248
2.44576
2.39709
3.10204
2.05011e-05
1.04383
3.16079
2.09466
2.97136
3.14033
2.53899
0.862196
0.000362172
2.83604
2.57031
2.60298
1.2218
1.61115
1.76619
2.88116
2.66275
2.17897
3.06171
1.5222
1.52235
2.74702
1.90136
1.44081
3.19088
1.33376
1.45374
1.87252
2.98567
1.56713
0.015819
3.07718
1.4345
0.542766
3.55233
0.00180516
3.39319
4.50772
1.25183
3.32982
3.20023
2.74294
2.7059
0.000779694
2.70582
3.14774
0.53984
2.83086
0.505044
3.16824
1.67311
0.53929
2.6746
2.6412
1.47797
2.66745
2.79272
1.09841
2.24464
0.00315914
2.78856
1.57149
2.65496
1.46146
1.46164
2.81966
1.69227
2.69452
3.12281
1.5476
2.09035
2.23466
2.83737
0.000475546
1.1584e-08
1.94091
0.0203041
0.00106769
1.09269
1.88627
2.33186
1.09242
2.91142
2.95435
2.08551
1.99157
3.05621
0.518925
0.515888
2.00425
1.18509
3.57896
2.78413
1.1826
2.7231
1.67403
2.87432
1.24024
1.10444
1.23916
0.68929
3.12974
0.710108
2.8565
0.705619
2.70455
2.92547
0.819169
0.820226
2.38778
0.000616048
3.91644e-07
3.51917
3.25727
0.000136852
2.08744
2.30441
1.05064
2.67924
2.19722
3.31392
1.48573
4.6864
2.32914
0.00338106
2.0534
2.45221
0.000874145
0.000702709
1.44834
2.46909
2.32769
3.09548
2.88007
0.0216582
0.900836
0.00158467
0.152216
1.08684
3.09369
3.13292
3.19851
0.000412548
0.00355725
2.88673
1.04488
1.04521
2.54007
1.13105
1.30873
0.0585609
2.68345
2.35461
3.11899
0.951626
2.8014
3.33471
0.949016
2.97325
2.93418
1.51919
2.86024
2.93369
0.00157778
2.08795
1.73528
2.04756
0.00292712
0.227282
2.865
2.97659
2.34299
3.0189
1.30819
2.95643
1.34861
1.37821
3.28172
0.947992
0.0217968
2.12413
2.11441
7.28932e-05
0.952333
2.89132
2.08541
3.49087
3.59861
3.1009
1.3178
1.31045
0.624174
2.69011
2.86086
3.66221
2.36716
0.000801185
1.60521
3.03664
0.000566929
1.67876
3.03433
2.97965
0.0057788
0.0001166
2.22642
0.00245273
2.55382
3.24098
0.00325448
2.39308
1.53266
1.36097
2.72412e-07
3.07532
1.40982
1.83823
2.47472
0.0027054
2.77521
1.61824
3.11954
2.91425
1.32871
2.31814
1.93923
2.5053
1.58043
2.37584
2.99232
3.25441e-07
3.16053
3.01194
2.9711
3.26595
2.29173
0.00289475
2.55966
3.04925
3.40886
2.7371
2.69129
1.73116
0.812903
2.68916
0.000243848
0.00222428
2.77532
0.962555
0.961266
3.03459
0.00168206
0.000213809
0.000758798
3.65286
3.88057
4.24541
2.44138
3.10717
2.54759
4.16557e-06
1.41413
3.96881
1.24157
2.99246
3.09284
1.57324
3.49663
4.64842e-05
0.00285192
1.53008
2.62083
1.7299
2.15151
3.44447
2.05464
0.00124387
2.45508
0.00555578
2.0945
1.74033
0.0129882
3.08353
3.13471
0.886268
0.889594
1.84729
3.04451
2.8615
2.67307
1.05538
0.0021693
2.01958
2.96023
2.83611
2.99279
1.03639
1.03804
0.877797
0.00663937
3.30364
0.816346
1.19432
1.95922
0.00288005
3.00735
3.11023
0.00526336
0.00179059
1.65643
0.00290187
0.000501376
2.77287
3.0285
3.06921
0.00218259
3.71985e-07
2.38121
0.00798563
0.0014813
2.89004
1.78565
2.14123
3.52834
0.0222424
1.03821
2.14585
1.782
2.39868
2.23164
2.92397
1.56163
1.448
2.04135
1.87243
1.44822
0.000353085
1.83616
0.00123744
2.82426
0.961699
2.75697
2.1324e-06
0.289356
2.78004
0.00354962
0.000494723
1.80428
0.0205529
2.81926
0.824845
0.00391196
2.61465
2.31634
1.3119
3.07366
3.18703
1.555
3.13191
0.737499
2.18384
0.737084
2.91195
2.87484
2.96047
2.62524
0.0265083
0.000428212
1.54449
0.00339587
2.95492
1.11971
1.33719
3.3619
0.00203022
2.62096
1.77446
1.36391
0.951907
0.000210556
2.67189
3.51127
1.88653e-06
0.00215483
0.00291707
1.56391
2.82121
2.64665
1.3129
1.44926
2.7404e-06
2.75598
0.188091
0.82846
0.000439222
3.36505
3.19585
2.72409
0.0466458
1.10597
2.8957
2.07563
0.820623
3.26404
3.2759
1.47161
2.06956
3.49063
1.46861
1.59915
1.34625
2.80722
1.62709
2.27997
2.67845
3.80946
2.15709
1.46765
0.000601037
1.4469
2.13845
1.75097
2.86398
0.000506944
3.41509
2.7504
2.02317
2.61564
1.41936
1.63772
1.79382e-05
2.13872
3.24235
0.000410554
0.00314361
2.41377
1.72062
3.19574
1.48243
2.34438
2.00567
2.08186
0.000234203
0.00794232
0.000332678
2.71234
2.37506
1.43247
0.00146887
2.46632
2.79571
3.04834
0.000876872
3.78428e-07
3.18961
1.98197
1.27552
1.27465
7.27876e-05
3.11475
1.23174
1.92826
1.24131
3.02497
3.06953
1.46934
3.32062
2.08325
0.00166815
3.18585
1.68734
0.000780476
2.81235
1.47177
0.938589
2.89375
2.34084
1.82992
1.47063
2.86967
1.3554
1.34545
2.77557
1.62101
2.28557
1.61595
1.37321
0.00175463
2.14529
1.80693
0.00170761
3.19073
2.63789
1.2334
2.59293
0.00190565
0.750843
1.54337
2.19583
0.00202537
1.88158
2.70438
2.58669
1.28851
0.00544882
2.85593
2.04371
3.50038
0.00553368
0.000268282
3.11516
1.2357
1.23831
1.14949
3.35628
2.8509
2.22809
2.48554
5.67386e-07
0.00112359
0.00253612
1.43007
2.57008
2.33079
3.27529
2.76009
0.000609599
0.000741723
2.90528
1.5456
2.07033
2.99582
1.87834e-06
0.0635138
2.77347
1.90781
1.87764
0.0011462
2.3673
2.56355
0.000659534
1.18952
3.02787
1.70125
3.84561e-06
2.84712
7.8017e-05
1.22872
2.41846
2.75999
1.89683
1.29329
1.47985
1.52601
2.7052
1.45723
1.83132
2.66361
7.86824e-08
0.735415
3.43859
3.21051
2.99244
1.51292
3.33804
3.22663
5.36536
0.00417671
2.94565
1.6258
3.4032
0.000341654
3.07327
4.27512
2.56465
1.98895
2.8119
0.00172436
2.85183
2.06158
1.75964
1.72518
2.78106
2.41307
1.72659
1.5709
1.90826
1.02552
2.26491
1.84049
1.03263
0.0026308
2.93311
3.03221
0.0029081
1.50742
2.16506
3.62154
0.807193
0.027395
2.19789
2.23528
2.99661
0.0637826
1.3539
2.39247
3.24685
2.33841
1.4767
2.2662e-07
2.21182
2.10777
0.000571214
2.93276
0.826844
2.6937
0.00233908
2.93991
1.31224
2.48667
1.82077
1.31547
2.24672
1.32079
1.82874
3.20305
3.08799
0.548808
0.5448
3.4706
2.79724
1.20221
1.17737
2.5696
2.64927
0.00158284
0.000714592
2.05236
2.08091e-06
1.57206
0.000490358
3.01323
1.18125e-07
1.0364
2.89454
3.1609
2.48616
2.71698
2.3788
2.76679
1.95124
0.006218
3.10526
0.816753
2.27404
0.0024798
3.22545
2.32721
0.0432115
0.000855929
0.000491641
3.28365
2.14766
1.74003
2.78437
2.34226
1.26274
2.30749
2.9078
2.50957
3.10437
1.54317
1.68596
1.54409
3.05928
0.000817155
2.48246
2.56736
1.45985
1.42454
2.47095
1.32196
0.199645
3.22131
2.0317
2.3534
0.0021622
2.6092
0.811273
2.99782
3.07756
1.08896
2.76942
0.00460761
0.000137804
2.98855
3.10135
3.1857
2.36956
0.00195447
2.98535
1.44684
3.01634
0.000690935
0.000832966
0.00027413
2.39642
1.14084
2.27832
2.88587
2.63599
0.0174231
2.70378
3.16021
2.10777
2.19059
0.997583
1.51347
4.16281
3.01967
1.32319
2.14711
2.14749
9.34039e-06
0.0592466
2.80662
7.79285e-07
0.0117619
1.87374
3.06191
0.00361015
0.00589371
2.53482
0.00133437
0.000588065
0.00672711
0.780162
2.99679
3.18063
2.75693
2.27912
2.84162
1.17964
2.03359
1.17323
3.14139
3.12276
1.54531
2.79486
2.83877
3.14019
1.59114
2.77103
5.17465e-07
0.00339591
0.645719
2.88273
3.27421
0.64359
3.06619
2.76825
1.03541
3.04794
3.33086
3.38009
1.35288
7.07713e-05
2.28421
1.75601
3.0412
0.00800014
2.61595
0.00432271
0.403242
3.1396
0.91369
0.907292
0.963318
0.0137266
3.23292
2.90222
2.91224
0.299007
0.000203366
2.326
2.04811
0.00829192
0.979477
3.11714
2.53354
2.33292
1.41428
1.59584
0.00458974
2.15572
1.57748
1.80027
2.69799
2.26876
1.84037
2.7289
1.9991
2.52128
1.83364
0.153415
2.64336
0.000378294
1.78893
0.0176354
0.510876
3.00078
2.68265
3.87939
1.45495
1.56919
1.56841
3.11969
2.7779
2.92984
0.0115862
0.00030788
1.03342
3.30975
2.9602
2.62132
1.35244
2.52656
1.35235
1.56777
1.8559
1.24145
2.55719
1.91239
1.22062e-07
2.97998
1.10112
2.46417
3.27762
2.61139e-07
0.00789884
2.46191
1.05881
2.3739
0.00350119
1.11801
0.0314607
4.29499
2.84667
5.18231
0.0381342
3.30288
0.00223367
2.21023
1.21708
2.11576
0.0171506
1.8884
0.00335702
2.95794
3.90954
2.38694
1.86302
2.68758
1.86193
2.07947
0.0120343
2.40131
2.45102
2.96044
2.81201
1.1502
1.17532
2.50952
0.7976
0.797252
2.17681
0.00121004
0.751464
3.11468
3.27877
2.60926
1.04319
0.000444878
2.49166
2.12277
2.52289
1.54988
1.57772
0.00304646
2.84279
3.05638
1.21915
1.21925
2.45502
2.27614
2.37916
3.05145
1.25686
1.25571
1.77887
3.16514
1.42691
1.42975
0.643721
1.4973
3.14754
3.07703
2.70069
1.4777
1.46462
1.36315
3.05528
3.0294
2.80648
1.02196
3.25761e-07
3.01776
1.16299
2.43364
1.16201
2.90992
0.00829408
1.54348
3.68283
1.65414
2.81058
3.23297
2.34187
2.88966
4.08319
2.42881
1.76251
0.884506
1.40919
1.98189
2.57149
2.6913
0.00168512
0.870695
3.55381
3.99711
5.18181
2.75231
1.90428
2.6627
0.00230875
0.000109193
1.72127
1.20335
1.72161
3.38761
0.520609
0.520686
3.58839
0.000288588
2.37905
2.80557
2.26772
0.878789
1.94412
3.21157
2.92561
0.997021
0.998486
3.11478
2.42259
2.76982
0.0010168
1.68277
3.07316
0.98988
2.1465
0.989987
3.09462
4.54056
0.00178839
3.126
2.85888
4.23692
0.0254511
2.81763
3.45978
1.26566
3.84646
2.8216
0.000146033
7.01714e-07
1.5248
3.00918
3.10404
1.90134
2.39859
3.12474
0.012665
3.09973
0.00299149
0.968709
3.11393
1.48049
1.25989
2.5666
2.87362
0.840923
0.837197
2.50475
2.11738
0.612392
0.000219348
7.5907e-05
1.27328
1.7463
1.85274
2.87318
1.87396
8.87929e-07
1.32674
0.00092159
2.64766
2.80264
3.1902
4.32791
0.00389486
1.4931
3.17326
3.28286
2.08921
2.99463
0.00500554
0.000274188
0.368414
0.633064
2.82531
3.04518
2.72923
3.2599
0.636294
3.02827
2.94704
2.79765
0.00379242
2.79879
3.93045
2.58606
2.02004
3.09057
2.47245
0.246503
2.79353
0.803239
1.69111
1.6987
0.0292664
3.09219
0.00226877
0.00605675
0.0356762
3.10575
1.1736
1.17264
1.41977
3.02331
3.15682
0.00408767
2.54277
0.00367025
1.07208
1.61022
2.41216
3.7265
3.12581
3.02051
0.000475662
1.00922
2.99767
2.53618
1.15587
2.96973
1.15597
1.90875
2.26515
0.0010731
1.67581
4.31372e-07
2.21147
3.01554
0.000343183
0.00487126
3.03783
9.96867e-05
2.65428
2.76678
0.000419665
1.53195
2.21742
1.03046
5.80167e-07
3.34371
2.2972
2.31504
1.94896
2.62035
1.35463
2.41437
1.68506
2.88655
3.67493
0.764809
0.76181
0.68451
0.000379925
3.06118
1.02483
0.00117994
2.2331
2.28947
3.1771
0.64283
0.642329
1.27575
2.74006
2.40635
2.9476
1.276
3.40902
2.81613
1.2213
2.51557
2.325
2.62982
3.52405
2.1784
2.25631
3.55785
3.09579
1.58364
1.81604
1.58224
3.14638
2.65629
0.00198721
2.93673
0.0012301
0.0015759
1.08701
1.96518
2.72893
0.0518795
0.762355
3.11422
3.06391
1.85346
2.68665
1.84759
2.29455
2.34783
2.22826
0.00724465
0.00028308
2.49476
0.00454154
0.000218026
0.667889
2.70486
2.87786
2.98111
2.90637
2.22522
0.00230017
2.89026
2.59556
0.00237904
2.18286
1.63896
0.959922
3.06443
0.000993802
1.98739
1.26791
2.72144
1.05274
2.20763
1.04911
2.36405
0.974311
0.00116238
3.22285
0.917022
0.0041079
3.45234
3.35794
0.896866
0.895978
0.00599825
1.01929
2.84885
3.76401
2.26727
3.0064
2.47737
1.35984
0.547401
1.821
3.16155
1.18877
2.11951
1.18877
2.89691
2.16671
3.00963
0.0104785
0.00404861
0.000895115
0.978774
1.92235
2.59145
1.97669
2.44396
2.85561
1.84381
2.95444
2.42821
0.0135006
0.00272273
2.53682
0.878292
1.14248
0.87842
1.10912
2.37312
0.00204588
3.67492e-07
3.07863
3.42377
2.36932
0.00224867
0.00708997
2.89362
0.988649
3.34138
1.68021
0.00204062
1.49917
2.12379
1.73767
2.19568
2.77263
2.30195
2.21458
0.00146433
2.03662
2.18935
1.8003
2.43383
3.15367
1.97815e-06
1.01517
2.96127
2.75194
2.70878
2.87337
0.0020426
0.00271621
1.92851
2.65031
1.44634
2.77364
1.44584
2.55685
1.69613
2.87809
3.08825e-06
2.97392
0.859928
0.539455
1.98266
2.59876
2.41677
2.79568
0.00384086
0.937821
2.62614
2.61372
2.72282
2.95527
0.798628
0.872989
0.000412981
2.60177
1.18566
2.75638
0.000984401
0.000825133
1.22888
1.81812
2.87169
2.63153
2.04341
5.00698e-06
0.920955
3.2051
3.70826
0.0056724
2.54919
0.0325754
2.53893
2.78955
2.86566
0.818099
0.817641
3.22702
1.44323
1.78429
1.44352
1.88917
3.67183
1.4792
3.28845
1.47813
2.16628
3.26414
2.91397
2.64854
0.00935128
6.51876e-08
0.13533
3.1918
0.0174949
0.0026531
2.09108
0.00149242
2.08181
1.48984
2.43511
0.00779275
1.85942
2.9195
0.00190525
3.05593
2.6402
1.49498
2.81405
1.48645
2.76307
3.23314
0.01085
1.82136
0.607886
1.36064
2.77077
4.87624
4.67543
1.47763
0.00409231
1.67307
2.93694
1.93617
2.0418
2.14516
1.88945
0.030359
3.31731
1.31218
1.75171
1.31177
2.37623
3.00247
1.70229
1.65462
1.65625
4.35964e-06
2.78097
3.38196
1.53672
4.76022
1.55157
0.0193534
0.0492767
0.00185009
2.82653
1.14403
2.44905
2.04315
1.09626
3.08088
0.00933525
3.13446
6.97252e-07
0.000424602
2.5995
1.31965
1.82031
3.00032
1.31979
2.0082
3.21776
3.34784
0.00198312
3.35484
1.24452
0.000364671
2.50732
2.9354
1.34467
3.16496
2.13423
2.63672
1.76686e-06
3.05571
2.79161
3.05991
1.1436
1.22878
0.00117093
1.68555
1.52083
1.74927
2.79065
2.54761
2.48103
2.0649
3.6491
2.48126
1.43557
1.42784
0.996849
2.05612
1.82235
2.39208
2.27004
2.61708
3.00662
4.19248
3.62128
5.02728
1.01085
7.01262e-05
2.45192
2.78419
1.60362
1.71304
0.00172224
0.983293
2.86922
2.13237
1.0262
1.61354e-07
1.18844
3.30496
2.98965
0.000239882
3.22324
0.542934
3.07091
0.00748987
0.57454
1.11731
0.0170035
3.15208
1.48162
1.77827
1.92106
1.83925
2.77324
0.00560168
3.5596
0.00274514
2.83231
1.95539
1.98564
0.00115863
1.97386
1.70335
1.26517
1.77443
4.73511
2.10099
2.87339
1.07445
1.07345
3.82468
1.46245
1.77901
2.62655
1.11349
1.57053
2.2473
1.09402
2.22616
3.10663
1.14213
2.45414
0.000189121
3.43089
3.66686
0.000807998
3.0222
3.12728
3.10604
1.34971
1.3211
1.45377
3.19473
2.33722e-07
1.4072
2.76609
1.3705
1.36821
0.117316
2.55653
0.00219271
2.91457
1.87435
1.91449
2.86721
2.3247
2.67157
2.83717
1.28054
3.57901
2.76256
3.48921
3.11539
1.48349
2.10134e-06
2.53333
0.00402021
0.989858
2.03457
2.24322
3.03073
1.11673
1.49763
3.02548
2.10951
2.24298
1.7716
1.14154
3.00361
1.1417
0.00861863
0.000300347
1.21471
3.48127
1.41195
2.23525
2.06871
2.58413
2.55337
3.04994
2.12757
1.86668
1.61829
2.58291
2.48446
0.000535646
0.00309772
1.37164
3.17514
0.0183736
1.87879
1.86974
1.00659
2.56672
3.00863
3.02911
2.84622
2.6337
0.932813
2.63346e-07
2.77736
3.24022
3.06742
1.86513
3.54362
2.84886
0.418754
2.96864
0.417189
2.57984
2.2043
1.68641
1.64606
0.00064738
3.84835
1.22105
3.16954
0.0012733
0.000539281
1.93448
1.90666
1.66081
3.09604
4.01889
4.18372e-07
2.95471
3.01207
2.41625
1.8394
2.86338
2.04544
2.85572
3.18454
2.52175
0.000531229
2.48005
2.99827
2.72802
1.52326
2.68257
0.608607
0.615624
1.99089
1.45825
3.02275
2.73719
1.5375e-07
2.07275e-05
3.67843
1.74345
0.000157415
3.18399
2.06662
0.00126842
3.1439
1.32402e-06
3.62268
2.66491
3.51116e-06
0.835797
0.000358959
1.71959
1.21125
3.46321
2.89669
2.8593
3.08635
3.7786
2.87213
0.743529
0.756119
2.99523
2.38249
1.80374
1.2348
2.7942
3.05031
7.15821
1.5512
3.55502
0.00738317
2.01436
1.22909
2.94677
2.18801
5.70089e-07
0.00270684
2.82483
3.18848e-06
0.00350422
0.00540913
1.38075
3.05232
2.07336
2.52606
3.13963
2.00328
2.47776
1.3097
2.58799
0.687161
2.31786
2.86316
2.69046
1.57876
1.08185
1.60067
3.01976
0.00456924
0.00480692
0.00168502
2.86547
0.787473
3.09368
4.6158e-07
2.78408
0.0294714
0.00711882
2.78928
1.29689
3.19746e-05
0.00126448
1.72131
3.24357
3.75921
2.88002
0.000986947
1.10613
2.81519
3.33697
2.10978
2.36281
1.85997
2.63219
0.000194661
1.6727
2.02505
1.73247
3.03502
5.23137e-07
0.000256114
0.000687884
1.34755
2.8055
2.90511
2.72571
0.815421
0.815396
2.17093
0.00356524
1.87301
1.82841
0.687688
2.97747
1.18421
1.89637
1.18162
1.55567
2.37525
3.03828
2.63494
3.56942
1.09787
3.03441
1.81277
1.25795
1.19561
3.04864
0.710349
0.710712
1.33733
1.09134e-06
2.01833
3.02725
0.000454758
0.000290399
1.5651
0.00195938
3.09104
2.02178
3.11985
1.1127
1.10425
1.53174
1.39032
2.05648
0.00444113
2.76318
3.04215
2.76634
3.09057
3.13423
0.903954
1.58655
1.8374
4.61954
0.996058
1.48664
2.72936
2.52293
3.13263
2.69231
0.000581799
1.87101
1.398
1.51562
3.01591
3.17787
0.000301371
2.84159
2.8821
1.46721
1.4672
8.13286e-06
2.71469
1.3158
1.31777
1.89305
3.07832
2.83838
1.17672
3.74337
3.04879
3.74957
2.63173
0.0065398
0.00245814
3.22504
2.72152
0.584949
1.24164
0.908568
1.10813
2.33264
6.07787e-07
2.68628
2.71873
2.50173
0.00233419
0.000193367
1.784
3.07353
3.17735
2.84304
1.30718
1.33305
0.67207
2.69472
1.42924
3.10602
1.43266
2.80189
2.918
1.81639
1.39054
0.744069
3.35481
3.36498
3.34996
2.56536
0.00045474
1.89051
1.6925
0.00757717
1.80797
2.29875
2.8658
0.000286817
2.85394
0.483857
2.77508
0.0269327
0.553333
3.12087
0.0165887
0.00217231
1.70095
0.772783
2.28789
3.25496
0.00245796
3.37064
8.41182e-05
3.16243
0.000576789
0.829045
3.15042
2.84156
2.38368
2.89607
2.80367
2.06577
3.18376
2.90989
0.00113565
2.33403
3.3793
2.14326
1.3415
1.61271
1.85084
2.36128
0.0063182
3.08261
0.7999
2.47387
2.29343
2.15443
2.85384
3.02138
0.799743
3.2491
1.93495
3.13381
2.22755
2.99457
0.000383112
0.00144294
3.06218
0.990692
0.992597
2.67213
2.2935
0.13472
0.00643418
0.214083
2.79398
0.00462203
0.000525592
2.31914
3.10755
0.000422644
2.26583
3.10099
0.000749945
1.87794
3.06791
2.76611
1.52942
0.00886363
2.72568
2.59409
3.01102
1.4168
1.36387
2.52725
1.41595
2.47961
3.13151
2.27223
1.27822
1.06951
1.90703
2.89798
0.000296504
3.23046
1.66713
0.978821
2.92679
2.87719
2.73245
1.57555
0.920496
1.75705
2.22795
1.71492
1.66551
0.978539
1.42343
2.15744
2.55762
0.579795
1.2411
2.99212
1.24144
3.00383
2.16754
0.00726696
1.03907
1.93441
1.62349
2.91369
1.24956
3.31676
1.50891
2.67913
1.98854
3.04018
3.57603
3.18961
3.42886
3.07293
2.70422
0.000736665
2.48227
2.38384
1.27647
3.16765
2.4202
0.962987
2.76328
2.68371
4.028
3.19512
3.02762
2.41613
2.20036
3.25135
2.09966
0.00864398
2.59275
0.000211969
1.34674
1.89496
1.85847
2.74661
0.0050503
0.00208122
0.806294
2.86486
4.39933e-07
0.000801883
2.23514
1.62435
3.0161
1.61826
2.74334
3.06412
0.000849789
2.24752
2.269
1.72292
2.5646
2.46064
2.96297
1.79832
0.00121997
1.00411
3.22452
2.14652e-06
2.49825
0.404737
2.77754
0.00532412
0.000756795
2.33024
0.0166602
0.00179281
1.04889
1.93714
2.44272
1.04778
3.12815
0.447623
1.13829
1.96288
1.74566
2.86807
0.763452
2.46388
2.47585
2.89907
3.21984
2.90004
2.12265
0.00107009
3.00525
3.62177
3.73319
3.01523
2.49188
1.85627
1.6398
1.6398
3.75134e-06
0.44141
3.03406
2.20992
0.000329816
1.36638
1.50303e-07
1.34801
2.03091
0.53327
1.07475
2.6861
3.13716
1.20443
2.337
1.20213
3.08865
3.00868
0.000830493
0.000371668
2.67603
2.95262e-07
0.00618744
3.02064
0.0019165
2.79821
0.00243757
2.49778
2.69806
1.35972
0.00445346
5.04323
3.36785
1.85552
2.41564
2.54647
2.39148
1.23015
2.33602
1.13838
1.2068
2.48214
1.57501
2.88467
3.40673
2.41872
0.00587147
1.44873
0.843587
3.00243
2.89939
0.00122395
1.13614
2.58195
3.00232
2.96037
2.20925
3.15484
0.0115659
0.00221245
2.35863
2.92618
2.30711
1.76355
1.76608
1.73403
0.00103093
3.36357
2.76758
0.000333664
0.00192124
3.0747
1.16929
1.1678
0.000550625
1.13761
2.53737
1.44652
2.12013
2.20598
3.0301
3.04574
3.08872
0.268632
1.36031
2.43771
