3.09321
0.730382
2.32612
0.732232
2.61713
2.91308
0.000802224
0.000739086
3.50527
3.54084
1.321
0.00955743
1.27187
0.833557
0.00297823
2.59356
1.12134
2.24931
0.0100003
0.000614497
1.02101
2.88422
2.21531
3.03748
1.86129e-08
0.512574
3.13279
3.00536
3.02513
2.64558
1.28005
1.95624
0.00123364
2.404
2.93381
0.772153
0.934535
2.36447
0.771273
1.21655
3.49035
2.59384
0.895472
0.895933
0.00188054
1.52454
2.00368
2.66395
1.98814
2.36828
3.19154
3.06809
1.04511
2.8679
2.82701
3.34083
1.81238
3.12943
0.797193
2.12292
2.39279
0.792914
2.83505
8.39343e-08
3.10298
0.953378
2.49021
3.28134
1.96397e-06
2.02872
1.70881
3.0392
0.739259
1.92704
1.9955
3.03484
1.89803
2.60373
0.000381854
3.55568
1.12101
1.80666
2.67815
0.00239861
3.52457
1.30645
3.04464
2.35783
0.0382406
0.0519676
0.0010241
1.10366
3.07314
1.39153
2.68681
2.1041
2.25828
2.96402
2.97492
0.916686
0.917734
2.7063
1.90469
3.57239
2.94937
2.87047
0.639484
3.36291
0.639699
2.76107
2.74632
0.00013196
2.51865
0.936855
2.34681
2.97623
7.37692e-08
2.14106
0.00154116
2.11029
0.684814
2.28818
0.88147
1.72889
2.8498
2.23171
3.94727
3.72489
1.40964
0.00308393
2.96046
3.34089
2.83032
1.35993
1.35544
0.00625714
4.3662
3.22767
0.918876
0.918854
2.81685
0.79893
2.85271
0.800775
2.88347
3.49747
1.29324
0.570485
1.31506
1.29499
1.77262
1.17628
2.1758
2.78786
0.000168297
0.885409
3.09062
3.22138
3.59746
3.66642
2.73774
3.92684
3.85575
6.66209
2.60753
0.001444
2.84515
0.00635967
3.3593
3.13035
1.16728
2.84779
2.8505
2.93628
2.27733
1.9459
1.50961
0.000964777
0.796362
0.798884
1.62561
3.04517
1.1457
1.14221
1.08388
0.00174428
2.29601
1.46405
1.62298
0.00125552
2.70489
0.851031
0.85103
2.93522
0.00397183
1.97988
4.25288e-07
3.07202
3.08921
1.57009e-07
0.000997417
2.26041e-05
3.37261
3.96045
1.38836
1.91318
3.03662
2.79353
0.888909
2.94634
1.90478
0.888998
2.0607
3.09977
1.36741
1.37048
0.00210052
2.94416
0.786745
3.25951
0.00227531
3.02867
2.79741
0.845862
0.843975
0.00224542
2.89779
0.00213087
0.000207857
3.10497
2.3776
1.82609
1.88172
0.0583361
2.87579
1.03535
1.10143
1.22081
2.66017
0.00658659
0.00116486
2.61846
1.88829
2.89837
2.04031
0.000896718
2.34542
0.87347
3.19081
3.13062
5.06618e-07
2.01181
0.526818
2.72321
2.60019
2.92371
1.04866
3.18039
3.46943
3.19994
1.60325
3.09604
3.14646
8.4048e-06
0.000455162
3.15151
6.97473e-08
0.00067195
2.92966
0.00645118
0.000666306
0.001303
2.25075
1.90712
3.34977
2.51355
3.1793
0.00140105
2.88765
1.25427
2.09842
0.00805999
2.74291
1.03702
2.47579
1.03975
1.68613
2.91143
0.000400871
2.55299
0.00540403
2.84468
1.33895
0.00166309
0.91646
3.07717
3.3024
2.92162
3.27502
2.91917
2.98669
0.682042
0.681818
1.93663
1.81339
2.94332
1.89613
3.16985
0.00161042
2.17825
0.00253141
1.64251
0.000649811
3.15621
1.88203
0.00100488
0.690213
3.09367
3.20509
2.62968
2.27551
2.81071
1.17113
0.001592
3.4362
1.32388e-07
2.40047
1.31511
2.80468
2.12841
0.0196283
3.33765
0.00512401
0.00127096
3.15329
1.86078
1.74423
1.74112
0.0143067
0.165507
1.09309
0.00133437
2.78543
2.83376
2.47178
3.27718
1.37179
3.5448
1.26783
1.3584
4.35615
0.823207
3.00614
3.11283
2.3401
2.36672
1.93604
2.06419
2.08251
2.40145
1.89121
1.17245
0.026136
3.48132
1.12857
1.12269
0.0234049
2.81069
0.608911
2.95031
0.607112
2.34426
3.78744
1.37369
1.08668e-05
3.14799
3.24053
0.000757267
0.000811044
1.39765
0.0195533
3.02506
1.89135
2.92273
0.52314
3.11036
0.523302
2.99429
0.961449
2.54875
3.23675
1.8692
3.10621
0.00153583
4.36287
1.22154
1.52476e-07
3.89583
0.921901
0.157787
1.43769
0.000270274
2.69517
1.71657
2.38934
1.02851
2.41031
0.0149224
0.959788
1.32354
2.60666
1.67588
0.000103535
0.00473884
2.76665
0.00348773
2.04166e-07
3.4499
3.10769
0.960304
3.05464
0.960305
3.64328
0.000426472
2.56467
3.06104
2.86573
1.73596
2.7862
0.959339
0.958699
3.06111
0.862603
0.880031
0.00240923
1.05628
2.87205
2.00837
2.23998
2.91894
0.00760141
3.01888
1.27431
1.18505
1.97695
0.00443267
1.5953
2.84374
2.66318
1.14423
1.56794
1.56796
2.40767e-06
0.000405102
0.000366668
0.0210803
1.06707
2.65285
3.23079
2.89933
1.59502
2.86727
2.04408e-07
3.12063
0.823552
3.24349
0.000735167
0.732401
0.0013631
2.38979
3.05331
1.7091
1.12099
2.76335
3.58836
3.14157
0.000643096
2.04302
0.00373837
2.69446
3.31275
1.02099
2.64927
1.02334
2.88951
1.11485
2.50511
0.0146759
2.8838
4.30454
1.78707
1.06815
2.82523
2.8687
0.51273
3.26219
2.33335
3.42654
0.512902
2.85258
2.95093
2.77363
1.08773
2.56758
6.12309e-05
1.61824
2.39358
0.00314296
0.951925
2.53159
2.66014
3.10416
2.28071
2.90194
1.15377
1.15377
2.37971
0.00119255
2.73855
1.66797e-07
1.97478
0.717872
2.53311
2.81607
3.39909
0.0016494
0.000738542
2.27207
0.925842
2.20861
0.00127334
3.13425
0.838618
0.829002
2.41288
0.000735479
3.01307
0.751053
2.63393
0.00253596
0.850771
2.71565
0.00349103
0.978111
2.29125
1.52254e-07
1.68823
1.60186
1.95645
3.3994
0.00375154
9.27976e-05
2.7696
1.05751
0.00084299
2.30608
0.113171
2.68324
0.000597296
0.0024888
0.00115421
0.671826
2.77387
1.19472
3.12387
3.11695
1.74105
2.54162
3.03947
1.86642
3.11591
2.44446
2.39736
2.07501
0.00117648
0.00253229
1.25366
0.00287854
3.09063
2.89611
1.26608
3.00685
0.000932963
2.91963
2.88122
0.805386
1.93463
2.97633
1.18629
0.0152444
3.17047
2.6611
1.77817e-05
0.000217508
1.22345
1.71555
4.17714
3.56328
0.0241162
2.62405
2.18434
1.01632
2.96681
0.00617987
1.49737e-07
0.000484062
3.34891
1.24629
2.38189
0.00576223
1.08569
1.8624
2.01844
3.03385
0.640943
2.97404
3.1816
3.10791
4.83412
0.640947
3.22737
2.84458
4.19398
1.23356
2.8069
2.66033
1.6044
1.859
2.65713
2.81993
1.15674
1.15238
2.52506e-07
1.25556
2.44486
2.41704
1.4534
2.4916
3.0138
1.19014
1.32295
1.1876
2.12345
9.61257e-08
3.07189
1.22049
2.72439
0.0209055
0.198769
0.745759
2.91592
1.26847
1.95258
3.03572
1.35831
1.84557
3.14156
1.479
2.08136
3.0171
3.21341
0.00211579
0.000280519
2.74678
0.0290835
0.940189
0.00447111
0.826442
0.000500681
0.537791
2.65331
2.65422
3.14497
2.0857
1.28702
3.8026
3.91437e-06
2.96934
0.0308895
0.799714
0.00078386
2.87659
1.45839
0.504249
0.000418171
2.25174
1.38025
2.14976
2.75367
2.75066
1.02352
2.61207
0.676438
0.00281854
3.04406
0.0724337
1.30578
2.01989
3.50598
2.16293
2.01217
3.07256
3.15468
1.73728
2.5203
0.0091537
2.10617
0.00335433
2.9418
1.2522
0.976076
1.90687
2.66752
1.80602
0.000789046
3.11233
3.11294
0.151188
1.49989
2.76399
0.0102731
0.00340708
2.91238
0.00138523
0.00343271
3.60326
1.96344
0.237124
3.16915
3.20916
0.96683
2.3091
3.07003
3.11506
1.22612
1.2206
1.0087
0.00288377
2.66808
3.64441
3.2842
3.40375
2.63832
0.757289
2.65199
2.1307
0.00873293
0.000606626
0.143483
3.04466
0.00243008
0.00870537
0.000318763
0.761809
3.2975
2.46467
1.03393
3.15832
1.03151
5.2767
2.85227
1.75878e-07
1.24188e-07
2.14049
0.000723968
2.68512
0.00142297
1.96385
1.4918
2.6426
0.304044
2.89675
3.09929
1.74244
2.84766
1.05793
1.05892
1.12062
0.0183527
3.38213
1.13254
1.12992
3.13013
3.21644
1.80367e-05
3.08553
0.916157
2.93586
2.25528
3.12394
0.00191771
2.94888
2.58507
0.000163775
1.7648e-07
2.81043
0.00272186
0.00108695
3.36163
0.000507306
2.89486
0.571263
2.62218
3.94022e-07
1.14216
3.19848
2.7578
3.24409
0.00791599
0.00372019
0.0190022
2.03114
1.65602
1.51284
0.000997254
3.22999
1.0014
2.82421
2.54408
0.0027218
0.0754549
0.0019607
2.82136
0.904494
1.8514
2.48557
0.00108469
1.8286
2.7819
1.51464
5.85499
4.98
3.15514
3.0954
1.77591
2.80409
3.39037
1.14792
1.16968
2.35413
2.6936
1.50596
0.0115294
1.9257
2.9522
2.90443
0.00212114
2.78362
2.97558
1.28544
2.67869
1.78274
3.1685
3.24388
2.20473
0.0010407
1.02189
1.61882
2.27959
2.80955
2.50969
3.19041
2.16809
0.000916946
3.16477
0.738535
3.14471
2.75046
2.87191
3.12909
3.09451
1.37716
2.91875
1.37608
3.37645
2.659
0.000841795
2.17914
7.86029e-05
1.92389
4.068
0.00767403
0.000459624
3.5462
0.820325
2.93331
1.66565
1.7013
1.9574
2.49713
3.0314
0.000169567
0.00214843
2.44229
0.00229669
2.60326
0.000733827
3.22619
0.933913
2.48774
1.16524e-06
3.47723
1.48141
2.93867
1.44865
0.670613
2.98485
0.87884
3.38456
5.31031
3.12036
4.44741
2.69904
0.00161272
0.00114257
3.10001
2.5905
2.97809
0.860882
2.8821
2.20079
0.536841
2.92673
3.62594
3.23787
3.45188
3.12667
3.872e-07
2.86124e-08
0.000815299
1.38671
2.51756
2.72567
3.00785
1.92576
3.01176
0.000301964
2.7496e-07
2.22398
2.75537
1.28205
1.29354
0.122914
0.00241927
3.0191
1.40852
3.12536
0.00653465
0.910247
2.56826
2.61552
2.56942
2.25689
1.20363e-06
0.00146028
3.12754
2.28771
2.65501
0.0016449
0.00146808
3.05074
1.97404
1.08829
3.21771
2.74423
1.10467
2.66628
2.05347
2.86616
3.04552
0.477557
1.84332
0.47764
2.31824
0.993862
0.00374779
2.97138
2.93824
3.06866
2.46218
2.71159
0.000777006
0.00184778
3.13851
1.04792
2.77818
1.19618
1.65985
1.19613
1.10315
2.69015
2.69207
0.00316058
0.00127204
2.57005
0.923742
2.39737
0.920586
3.12526
0.192478
3.12719
0.56693
0.567405
0.286197
1.23392
2.25553
2.93672e-05
0.900098
2.99166
0.813621
1.87419
0.813972
2.63194
2.96325
2.67114
4.1961e-07
0.000215567
1.69333
2.0085
3.13538
2.57072
1.35366
0.00012588
1.05687
2.05854
2.6606
3.02088
1.05814
2.69279
0.716304
3.03005
3.33027
3.35852
2.61976
1.18863
8.67297e-07
2.73164
0.0731115
1.06273
0.00290316
0.966822
2.93148
1.75522
0.000266484
3.32617
3.03254
1.7224
0.00308406
0.127467
0.643529
0.00137982
3.31267
3.10413
2.82496
0.244851
3.85621
3.31409
0.00517304
3.1455
0.868781
1.98358
0.869576
1.64942
2.67581
0.000254033
3.11902
1.43967
2.61563
0.00434877
0.00977
1.68125
0.0320571
2.87221
2.28878
0.00390412
1.27619
0.985384
1.01744e-06
0.729975
0.0112594
2.8305
0.000123644
1.97923
2.03087
2.60198
1.67536
0.849669
1.737
0.814258
0.617999
0.00179984
2.97258
5.81106e-05
3.08319
2.16259
3.354
1.85937
3.04819
0.000151387
2.97165
4.43218
2.92494
2.12815
1.2713
2.84235
1.69671
2.43379
7.93154e-07
0.000706752
3.20722
0.672294
0.672793
0.850856
0.00245212
2.84645
3.48975
2.9694
2.05379
3.99558
3.076
0.000237188
8.89466e-08
0.00275416
2.77233
1.10769
2.80011
0.705654
2.17949
0.00283905
1.80417
2.88806
0.00082102
0.00205033
1.65745
0.807296
2.76404
6.13043e-08
0.701405
3.12631
1.73101
2.60647
2.93653
2.42625
1.9307
2.98775
1.08736
1.26445e-07
2.22517
1.13245
2.76497
0.0115637
0.10341
3.03319
0.959121
2.12754
0.960262
2.45433
2.86291
3.17696
0.671485
0.671619
0.00162779
1.30642
1.97833
2.83414
3.15758
0.000611087
1.23723
2.79404
1.02312
2.71524
2.15555
3.18593e-07
0.888274
3.00196
2.96277
2.74615
1.97064
1.2535
0.00723104
3.12404
3.27075
1.27092
1.27523
4.0806
2.6878
0.792767
2.61651
1.14861
0.791513
2.27816
1.05126
0.00023418
1.24747
2.52142
1.7079
2.80202
3.27545
0.000444408
1.07231
2.91979
2.09638
2.46175
2.24189
2.27866
2.97859
0.00362871
0.000451421
0.911924
3.58726
3.25755
2.64832
2.43858
3.18504
0.997903
3.12779
2.89417
0.00412424
0.782058
1.12251
2.12909
0.000826527
1.39957
0.991655
2.99411
0.000543163
2.65103
1.1108
3.80598
0.00287605
0.987386
3.08889
0.717414
0.721469
2.38124
0.00236657
0.000768063
3.14611
0.000986575
0.000194134
9.19199e-05
2.63
1.04266
2.24939
2.25556
3.32033
0.00442942
3.15956
3.46987
2.23439
0.00022177
2.74393
3.26104
3.04691
0.00085926
2.94912
1.42124
1.88478
0.000517493
2.76209
2.12017
2.51287
2.38521
4.09554e-07
0.00141173
0.0985495
2.35246
0.000956145
0.000303894
1.79048e-07
1.07819
2.50412
2.69721
0.00758026
1.8118e-07
1.12395
0.00125872
3.37965
0.061724
1.0845
3.03549
3.13282
0.0136435
2.26324
2.45661
3.06764
2.97583
3.25987
0.0251078
0.00684676
1.33657
4.57493e-06
3.42779
1.28012
3.30445
0.962024
2.26782
0.962676
2.53835
0.00174697
2.7206
1.11354
3.99009
3.04237
0.021249
3.11335
0.913575
0.859074
0.837113
0.0336867
2.93927
2.39055
0.83816
0.843957
0.000872691
0.000888692
3.22452
1.03448
3.55856
3.35266
0.00547912
1.19206
2.84524
1.10412
1.10155
0.0573509
2.54477
3.00741
0.0903009
0.000594402
1.31969
0.001474
2.87985
0.822823
2.9951
0.0107043
1.36912
0.0184854
2.7014
0.000496393
0.758395
2.93978
2.93676
2.29193
3.01117
0.901276
0.90375
2.32487
5.0804e-05
1.99487
3.146
2.77398
2.63766
0.00189805
2.26736
2.64016
1.75404
0.0916473
1.10777
2.93683
1.07687
1.08175
0.000796567
2.31476
1.19283
1.7075
9.56073e-07
3.11974
0.720046
0.719225
0.000653452
1.96527
2.6866
2.45865
1.82798
4.32966
0.000435567
2.83816
0.695765
3.25573
3.08827
2.79903
9.72517e-08
3.15825
2.73463
0.000466885
0.00533365
0.0831472
3.05258
0.737349
1.0414
3.25813
1.82261
3.11016
3.15667
1.53875
2.65512
0.0013686
0.00703343
1.78342
0.742088
0.00799406
3.06691
2.71848
2.80724
2.82001e-05
2.15433
0.626631
2.69243
2.97782
3.24819
3.32961
0.000730151
3.11572
2.62223
9.18907e-05
2.86779
1.04118
2.92287
0.00142162
0.0718369
1.19007
0.000442845
2.69597
1.4284
2.53624
0.000841325
0.00121999
3.11681
0.000469425
0.000405953
0.858381
3.09546
0.00012673
0.889352
2.83725
2.83923
2.85229
1.14633
2.26314
0.00726391
3.13201
0.460471
0.000589373
2.95862
0.80329
3.16916
2.359
0.000426048
1.36969
3.13006
2.79442
3.14149
0.000369944
1.41661
1.94436
2.9884
1.92857
1.9468
0.988732
0.00275165
2.69005
2.91535
1.93017
2.69456
1.45069
2.82543
2.67607
2.57934
0.000344888
1.46047
2.72959
2.79327
0.00401056
0.00328961
3.08192
1.05841
1.17481
0.0312084
2.77493
3.07723
0.581549
1.21516
1.21603
0.000297202
3.0603
1.05734
3.06128
0.647962
0.650675
1.06666
1.3111
2.65018
3.21667
2.60323
0.000227213
2.75049
1.08392
2.97745
0.00506706
3.23106e-07
0.822041
2.00392
2.0128
2.82382
3.16183
0.119758
3.11503
3.29673
2.60128
0.678684
2.95826
2.08323
2.4468
0.00290955
3.0253
1.00044
2.94309
0.00541238
2.89512
4.08595e-05
2.53833
5.18006e-08
2.72176
1.56989
1.69699
0.005207
3.2828
1.10788
2.30845
1.11026
2.30117
1.0619
2.92337
3.02973
2.44483
2.79093
2.42877
1.76207
1.51873
2.58535
0.777978
3.09717
0.549671
1.60413
2.10763
2.73612
1.31999
2.378
2.73999
1.14339
3.31267
1.14646
2.25625
1.22801
1.93347
1.30585
2.02482
0.000195386
2.6365
3.03931
0.00119897
2.54854
3.41491
1.39134
1.73608
1.6956
2.04967
1.72461
1.97835
1.35023
0.959633
3.50886
3.10646
2.8609
1.88588
2.9679
1.37983
0.00495999
1.6251
2.86984
1.81645
1.28282
0.000222936
3.12324
1.28718
2.99856
1.75401e-06
4.38811
1.62721
2.95918
0.00200765
2.21078
0.000136793
1.79968
2.39651
3.0579
1.93792
2.56412
0.00328453
1.91009
0.000482013
3.13711
1.29039
5.21709
3.3665
0.890156
3.07627
3.13554
2.73165
0.000258116
4.23967e-08
0.7641
0.000371611
0.0012028
0.714558
2.95703
1.5716
2.89643
1.49502
2.53532
2.40902
1.07723
1.0758
0.00134322
3.04248
1.00412e-07
6.46712e-08
3.12139
0.00214697
3.44931e-07
3.07586
1.98351
1.61163
1.60001
1.61594
3.18394
3.1903
0.526492
0.525854
1.07587
3.06545
0.648449
0.650634
0.00242813
2.72767
1.08249
2.26766
0.000537694
0.578351
0.00208559
0.929634
2.19479
2.58799
2.50226
2.92282
2.46787
2.46415
1.9274
2.85054e-05
2.39388
3.16692
0.527703
3.39415
2.94695
2.64558
3.07307
2.3934
1.99207
2.8167
0.259515
0.00203104
2.99014
3.26403
0.983532
3.0992
4.33551
0.00310512
3.14323
1.05027
2.89428
4.03622
2.71733
5.8663e-07
0.00618243
3.16686
1.28327
2.48969
1.28893
3.09631
0.839268
0.000872062
3.21232
3.00145
2.9701
1.37127
0.910893
1.63746
2.20819
2.94434
0.00206253
0.703868
2.45263
2.84009
3.08703
3.03526
2.77665
0.0025274
0.00171298
4.35309
1.19616
0.00239834
2.78579
3.59915
2.6009
1.22915
3.11053
1.67975
0.856717
1.22958
2.30731
2.06697
2.96394
2.89511
2.34401
0.00254975
1.03856
3.07237
1.03854
2.16031
3.16751
2.44659
1.96529
2.91366e-07
2.88005
3.11779
0.0235066
1.39855
3.62289
3.06098
3.03074
0.00450353
1.41767
1.99919e-07
1.53596
2.99954
1.52507
0.00168273
2.01429
5.65535e-05
2.57981
2.60976
3.73704e-05
2.5381
0.00288979
2.45975
0.000773544
2.38222
0.00020815
1.68074
2.99452
0.000254093
3.09234
0.000215199
2.90707
2.23339
2.45251
3.02212
1.11369
0.00294336
1.67511
2.53891
0.000778758
0.00357034
3.18152
1.915
2.60427
0.576334
2.71144
2.39724
2.75492
0.000454408
2.79245
3.05063
0.989174
2.97553
0.987742
2.01821
2.25233
1.88372
2.96996
0.00244518
3.06184
2.93193
2.8861
1.08968e-07
0.00273958
0.00465272
1.16015
1.92413
2.95944
1.72062
0.001124
1.08419
2.80313
2.96291
1.71791
2.87175
0.00176029
0.00135584
5.43985
2.79462
3.08681
0.110759
2.67879
0.936792
0.934979
9.72898e-09
0.577104
3.3486
2.84387
3.15414
3.0896
3.09282
2.91382
0.923415
2.48584
0.00445487
1.95728
3.51469
1.49058
1.25015
0.563173
2.78551
1.98889
1.58678
2.31001
0.0265573
2.7588
0.00208408
0.781553
2.765
0.00122737
2.36694
0.00710427
0.000301654
1.14103
3.10693
1.60004
2.95976
2.4183
2.79707
0.67739
2.75927
0.673838
2.44503
2.2561
0.596265
3.01303
2.47384
3.13038
3.11422
2.70493
3.33328
2.89754
0.00384632
0.000977737
2.95288
0.617987
2.6869
1.92784
0.617308
3.17773
2.38695
3.01993
3.03236
0.769478
0.848615
2.33799
3.75918
0.993811
3.32912
4.43026
1.8494
3.01528
3.1519
3.17673
0.683938
0.682992
2.68237
0.0175999
3.02719
0.000187317
2.04697
3.25026
1.24587
1.24587
0.948342
0.0342759
2.75295
2.42927
3.24565
2.00023
2.73134
3.36639
1.00205
0.00104196
3.02058
0.727015
0.000207911
2.82152
2.80378
3.13561
2.47878
2.62095
3.09394
0.468949
0.463937
1.24541
1.60978
2.50496
2.62943
3.06634
0.00214445
0.99117
3.22863
2.729
2.30425
3.21385
0.00187394
1.01994e-07
1.31189
2.80644
1.44898
3.05746
2.3234
0.000463833
3.00278
1.10077
2.33495
2.91401
1.26771e-05
1.39925
2.63958
2.84706
1.05816
1.45455
2.78835
0.00310184
3.09051
0.0007212
3.02368
3.33499
0.856443
1.67199
0.856486
2.20662
2.76803
3.52428
2.91903
2.55983
0.00798483
0.000607066
0.000162901
0.720524
3.11592
3.03361
3.18416
3.05396
3.45463
0.680593
2.1037
0.680492
1.58525
1.26588
0.00189154
3.13576
0.0453754
0.00911262
2.68501
2.32571
0.00708857
1.6186
1.85645
1.45772
0.000594556
0.477689
1.79543
2.7677
1.93994
1.10431
3.4404
1.11042
1.67623
2.09619
0.488006
2.14705
2.6575
0.467927
1.70663e-07
3.12627
0.600768
3.22238
1.22274
2.54514
1.47987
1.23029
3.55083
5.5087e-08
3.14752
0.815224
2.9067
6.32245e-07
3.13558
0.00253695
0.000403977
1.31449
2.15364
2.96149
2.13922
3.04833
2.08985
1.13221
2.33514
1.36906
1.37221
5.37511
0.000849489
2.91279
3.06894
2.81485
1.36827
2.41845
2.24884
9.42984e-05
0.0497745
2.33462e-05
0.804919
2.34787
2.53831
3.14061
2.60826
4.9074e-06
1.51481e-07
3.31881
0.990544
2.08957
0.991874
3.03585
5.96026
1.21196
2.76391
2.86475
3.08653
1.11207
1.08977
1.49803
3.09501
0.0252168
3.07934
2.77171
1.36643
0.00553247
0.000841462
0.144071
1.40475
3.2425
3.09344
1.0285
2.97667
2.01528
3.05077
2.92313
2.93404
6.07287e-07
0.000522237
2.86193
0.935075
2.54386
3.08786
2.5373
3.14575
2.55015
0.00870258
0.000856346
0.000779925
2.85862
1.04204
3.01506
0.00465139
3.0547
0.0661915
0.000468563
0.863643
0.00078629
1.83099
3.25321
2.3786
0.00187351
2.4358
1.11318
2.64965
0.00376496
0.038059
2.66716
0.00200603
0.0024038
1.72583
2.56091
0.869554
2.05323
0.883614
2.30862
3.00891
1.72027
1.83702
0.00112672
2.55037
1.50525
2.45209
0.0245668
2.07186
0.00146531
3.39984
3.7873
2.26018
4.23966
2.56498
1.54112
3.11851
1.74944
1.39033
1.37584
0.00612406
0.0377098
3.42658
3.25878
2.97353
3.02635
2.25402
0.44185
0.00424817
1.40538
2.82173
0.00104164
0.00170664
2.27219
0.00182855
2.46643
2.69434
1.63708
2.5252
1.45914
2.00837
2.6241
3.23102
0.975668
2.14895
3.00977
0.976169
3.12275
0.939713
2.58178
3.17748
2.72912
0.582154
6.88033e-05
2.78126
0.823372
2.67919
2.91358
2.05606e-07
1.08657
0.000687954
2.96947
1.6229
0.00256277
3.26032
3.12721
4.03398e-07
2.51222
1.91285
0.950261
0.00495646
2.88656
2.83927
3.25096
0.626929
1.02977
0.00110754
2.26557
2.93219
2.99935
1.59316
3.33266
3.45995
0.00058387
0.182402
2.99755
1.64297
2.7397
1.9674
2.78892
0.00235539
4.00226
1.15241
0.00932888
3.20133
1.26382
2.7655
0.00681936
0.000801887
1.00829
2.71592
2.67564
3.04166
2.57747
0.000951091
0.941664
2.3793
2.36673
3.3021
2.9562
0.87012
1.16572
0.871617
1.75105
0.176892
0.810568
2.49497
6.07135e-08
2.68097
3.29879
0.89213
3.25354
3.87037
0.885169
2.83523
3.31703
2.18672
1.16258
1.43551
1.58647e-06
2.86234
0.000272387
2.824
0.832185
2.9057
2.83301
2.85832
7.82612e-07
3.04677
0.136849
2.87852
3.141
3.12535
2.11763
2.65879
1.15979
2.89608
2.87059
1.22367
1.88264
1.22361
2.50884
3.44164
2.9422
2.78868
0.777278
0.530202
2.77528
0.00507078
0.00305453
0.212143
0.000332381
1.96215
2.65414
2.90959
1.89807
0.000169921
3.04638
2.88653
1.33827
2.24073
1.8043
1.45994e-07
1.80625
2.08006
1.40561
0.00445974
2.58698
0.688691
2.58704
0.00765202
2.50554
0.00400153
0.000487648
1.02478
0.000613237
2.93976
0.0450993
2.09048e-05
2.54174
0.911875
3.23929
0.00396396
0.000303811
2.3111
0.716219
0.115142
0.730071
0.00551212
3.09982
3.18801
2.90694
1.13648
0.0844147
2.87046
1.27363
1.03684
5.88384
0.000326002
0.864725
2.83832
2.62532
3.36873
2.63301
3.4503
1.19865
1.19865
0.00348542
3.70279
1.5595
3.28045
1.43184
2.48114
2.78669
0.676273
2.84968
0.675878
2.28424
3.04335
0.919416
2.07583
1.57097
0.920551
2.99634
2.38611
1.91474
2.18043
2.81563
1.03162
0.0036655
3.46231
1.07549
2.3942
2.01542
2.91684
1.07676
6.6716e-05
3.12158
0.740211
2.43435
1.89779
2.75106
3.0498
6.34835e-07
1.8045
3.43955
3.34389
2.96611e-08
0.756946
0.000276877
0.986066
0.963463
2.75662
3.06283
0.916911
0.9188
0.00633789
0.446741
3.17681
0.449008
0.697867
2.79032
0.582739
2.86339
0.582029
2.33767
2.34546
2.76005
0.00960869
0.0011609
1.97354
0.80424
2.99349
2.95973
3.10196
0.805333
3.00358
2.30179
0.00289564
2.69106
1.1968
2.63376
0.00986394
2.94536
0.598001
2.74692
0.59838
3.20151
2.74186
0.000439487
3.05107e-07
4.78408
4.80302e-08
0.579262
3.09461
3.96381
2.70962
2.60558
3.17282
2.60651
3.23506
1.20234
1.2128
3.0338
1.00398
1.68045
1.00459
2.68093
4.7973
2.84495
0.00606415
0.00030443
2.7603
0.000531933
1.99342e-07
2.90106
0.512178
0.512479
0.000996158
2.55234
0.562249
2.42578
2.07744
3.1195
0.00104458
2.15445
0.823034
0.0023727
3.10745
1.08209
1.01248
0.00085161
3.71203
2.60318
2.83025
1.1703
3.75324
0.000602326
0.511098
2.63394
2.805
2.83621
2.82361
2.73638
0.00304478
0.000965696
0.000412544
2.78069
1.16559
2.78326
0.00730132
0.680168
0.000385033
2.81254
0.0562736
3.25627
0.910862
0.909046
2.90106
1.11748
1.11748
3.07542
0.00137484
2.74938
0.000250452
2.96988
1.82974
0.673765
2.63843
3.21316
2.46277
0.000892882
2.62968
2.46308
0.855428
3.04789
0.000330762
1.67465
0.00011136
2.8977
3.05874
2.66897
0.000977285
2.40125
1.83344
0.903233
0.00537329
3.12626
3.02169
2.65675
1.19632
1.15593
1.20403
0.00953615
2.83963
0.964798
0.963112
2.78365
0.0423287
2.60216
1.1219
2.75526
0.001147
0.0165361
3.10815
1.40741
2.28376
3.73156
0.344339
0.00349186
0.996595
3.00326
3.07694
3.22795
2.81829
3.68187e-07
2.59615
1.0605
2.67047e-05
3.0945
1.69525
2.91082
0.531449
3.05056
0.549224
0.545085
2.55857
0.313364
2.24741
2.19818
3.18345
0.82465
0.824144
2.83497
0.00342033
0.00299961
3.03395
0.00519527
0.00505869
2.11423
2.92078
0.00177173
0.00271759
0.991271
0.00460625
3.68162
3.19453
2.70211
1.19239
3.04134
2.33471
2.87434
3.14351
2.42805
1.54646
1.07036
3.4018
2.29197
3.05882
0.00182356
0.000910488
2.981
0.00110743
4.64058e-05
2.26905
1.89291
0.00392719
2.26732
2.81719
0.884845
2.32468
0.885675
1.44848
3.0251
0.880032
2.75646
2.73625
2.63039
0.936013
3.00922
0.935819
2.64314
0.00213137
2.54784
1.71467
2.45533
0.00523526
2.57691
1.09853
1.09601
2.85305
1.31809
1.1879
1.37634
1.46818
3.01742
2.673
2.92699
0.00596687
4.62499
2.95684
0.0185973
3.86726
3.13314
0.00343647
2.33327
2.14046
2.41854
2.79415
0.00302201
0.819901
2.67021
2.75461
3.10614
3.09844
2.92442
1.03847
1.03616
3.08315
1.18636
1.19017
2.89497
0.00231315
2.93278
0.00014062
2.61899
1.46511
3.14733
0.516002
0.000574146
2.23032
0.000770204
2.43712
1.99295
3.71889e-05
1.0531
1.05705
3.27799
3.11073
3.17362
1.28811
3.82904
2.70654
3.0753
0.802368
0.00139705
2.09797
1.01532
3.1043
2.40252
0.00525852
1.42252
2.93646
1.17755
1.17803
0.504417
2.4535
2.33829
3.06293
1.70683e-07
3.06083
1.09033
3.16126
5.6896e-07
1.24124
3.09626
0.837639
0.846496
2.84581
0.00733889
0.00887476
0.0013988
0.000833734
2.7854
1.11672
2.02991
2.7581
0.125676
0.60123
0.886963
3.03267
2.67839
1.1802
0.698788
2.58308
1.17265
3.4601
1.47177
0.864686
0.00149096
2.66352
2.15305
1.51392
2.90741
2.74832
2.05918
1.0975
0.946621
0.116025
3.01023
3.35358
2.54635e-07
0.0736881
0.000825267
1.73847
2.92449
0.739231
0.084512
2.7323
0.000706128
2.77031
2.60569
0.000354742
2.77631
3.50251
0.00133836
1.16212
3.10874
2.75137
1.95568
3.07086
1.40551
1.55504
3.27286
2.42617
0.00547487
0.00349592
2.37026
1.55483
1.55561
2.84538
0.00458409
0.002414
2.92143
0.469996
0.468578
2.90298e-07
2.14987
2.7507
1.45626
1.3409
2.70597
0.000386193
3.23002
2.718
3.04692
0.00353407
3.32191
3.25438
1.20674
0.0855316
0.69942
2.87911
0.000109811
0.0162479
3.15829
0.686061
0.686637
1.43784
0.928262
3.13691
2.93913
2.74663
0.138335
3.05439e-07
1.14331
0.0027466
1.68446
3.06222
2.7704
2.17697
1.81284
1.06446
0.00272072
3.15015
0.0480637
1.92991
2.29758
2.88124
0.00178321
2.75453
2.12619
1.23385
2.15742
3.30826
2.79368
0.00152105
0.000209705
1.53206
0.00135553
2.16323
1.12541
1.84931
0.00870161
0.0491749
3.10727
0.834861
3.5475
0.00629603
3.11085
3.11115
3.03201
1.78585
0.000669543
3.05602
0.000193171
0.64002
2.92561
3.14908
2.81547
2.96471
2.14797
1.19731
0.738803
1.54525
1.19864
0.00344896
1.09258
0.000552356
2.50973
2.97732
3.35212
3.18259
0.0472822
1.03116
0.0124582
2.84061
1.4989
2.99002
1.96072
2.47732
2.03699e-07
2.62105
2.34736
0.000128184
3.09343
0.186111
2.17368
4.20063e-06
0.000201485
0.00140053
2.53622
0.953891
2.8568
0.00467698
4.02705e-05
2.13561
2.73849
0.000357135
0.943192
2.30678
2.6854
3.19052
2.94452
1.22837
0.00881858
3.48518
1.12361
4.02207
3.08734
0.871679
1.94408
0.875468
2.38063
3.16315
0.509638
2.99522
0.510477
3.16265
1.91744
3.39084
2.10989
3.06133
1.92994
3.10122
1.85509
3.69531
1.33613
0.00245037
2.98772
1.0135
3.11172
0.00932802
1.07948
1.91144e-06
2.9783
0.00095559
3.13661
0.494162
2.98316
0.000290761
0.48233
1.65174
5.73082
3.24357
0.0010533
3.18335
1.11171
2.71882
2.82799
0.00367619
2.7955
1.02542
2.27664
1.18012
1.17785
2.90785
3.06466
1.34386
1.34335
0.000493805
3.1343
1.79882
0.484579
2.72131
1.51881
0.51007
2.80329
2.91087
1.29719
0.00385848
3.03567
0.545632
3.09945
0.540082
2.57035
4.26881
4.34953e-08
3.26876
2.08379
3.26454
2.79279
1.00834
0.00596764
2.88981
0.000760799
2.08874
2.31245
1.29128
2.22198
3.10846
2.34072
1.72328
1.64738
1.19752
2.13352
3.10337
0.0357766
2.14291
2.51483
0.968455
0.0101204
0.00547285
2.19142
2.91411
0.441159
1.38897
2.26204
2.7218
2.99744
1.86725
0.000727516
2.71572
0.44867
0.00366804
3.12405
2.75099
0.716323
0.711355
1.0026
3.15338
3.42148
2.31063
0.00171378
1.80706
0.00368585
1.79782
1.25113
1.90074
2.75524
2.79082
2.83737
1.00914
3.01571
2.71376
3.52825
2.80448
0.000177863
0.00182153
1.59809
3.06401
0.00105083
9.10723e-05
0.206494
0.000465129
0.918421
3.07034
2.90806
2.20182
0.850265
0.00342641
2.87604
0.99855
3.15308
1.26251
1.17935
1.26169
2.36924
2.6418
2.42615
1.98995e-07
3.17248
0.0012545
2.38922
3.50002e-06
3.0469
0.995189
2.57614
3.88326
2.08123e-06
1.0776
1.30543
3.12395
2.69927
3.22868
0.811876
2.27615
1.63285
0.810696
2.5159
3.54837
0.769145
3.00776
0.769145
2.91162
2.98297
2.67369
0.977833
0.70527
0.980312
0.60541
3.34505
2.4331
1.0199
0.65728
1.0192
0.0126411
0.00110479
3.40498
2.63085
2.8046
1.50403
2.57674
1.44596
1.50868
0.00190222
2.48597
3.0888
0.471092
0.745302
1.06076
2.00686
2.73803
3.04568
0.782939
0.77809
0.000422933
2.68171
3.05205
0.00270713
3.05571
1.07432
2.97703
0.0125622
0.271515
1.1155e-07
2.46938
0.865911
2.26561
4.6706e-07
0.135171
2.96814
1.16643
1.16797
2.97036
2.09174
0.932233
0.932233
7.91033e-07
3.44054
2.09436
0.00753379
2.87579
0.00288819
2.34081
2.89998
0.000143888
0.000134113
1.31781
3.11281
0.407772
0.424387
0.939883
0.945222
1.65137
3.05906
2.69374
0.00030721
0.000477483
3.01085
1.21472
1.21505
0.00162622
1.61191
2.69132
3.40576
0.20091
2.43586
2.90952
3.04226
0.034861
2.44883
0.000816118
3.67037
2.7516
0.0058627
0.0326617
0.941755
2.94199
3.05227
3.02583
2.94929
3.01247
0.00133397
2.218
1.99677
0.00327442
1.9342
2.38651
0.00180629
2.65084
4.04835e-05
0.0451556
3.00716
0.64191
1.71048
0.639157
1.07146
2.08967
1.59559
0.00291924
0.863162
3.11448
2.32759
2.71707
3.00869
2.21434
0.00153779
0.815219
2.96039
3.14399
0.000336045
2.97917
0.55228
2.89578
4.75135e-07
0.00377627
2.43754
0.00244845
3.12191
0.987934
2.58331
2.79986
0.0180311
1.49483
1.75832
3.09983
0.00159168
0.928231
2.68941
0.517586
3.00738
2.61236
3.50117
2.30954
2.77368
3.26403
2.33834
0.642708
0.000561734
3.08742
3.15185
3.4306e-08
0.674574
2.44806
2.68028
2.78483
2.66097
2.99414
0.00301955
1.58643
0.00226895
2.51287
2.5796
0.0104077
0.00846771
1.14485
0.00467839
3.96023
2.88285
4.45499
0.0578357
2.89142
0.000889259
1.21564
2.54365
0.000871715
2.90842
2.83871
0.000770448
2.89711e-07
0.775498
0.00306466
3.23925
0.0415593
1.36317
1.61329
3.93462
2.75837
2.83095
0.0118952
1.4258
0.000314727
1.21625
1.79182
0.113069
3.22988
1.91634
3.13221
0.841633
0.832553
0.12688
3.31533
0.964943
2.07682
0.964748
2.449
2.98081
1.14105
1.14252
3.29251
1.57512
0.164465
3.17308
2.1662
1.62767
0.000135428
3.17263
2.86474
1.10406
1.65672
1.0872
0.570044
0.00100077
3.56039
3.45693
2.19986
0.00538891
2.48798
0.00404025
2.81139
1.93296
2.71424
2.19699
0.00133549
3.02209
1.59545
3.47802
0.0026379
3.10786
0.592711
0.592517
2.74446
0.00296851
0.000502611
1.19587
6.95092e-07
2.98738
0.00250275
0.671427
3.47015
3.12446
2.798
3.19297
2.72848
0.000316841
0.00152963
1.15908
2.31161
3.10839
1.66588
2.61685
0.596992
2.86243
0.592964
3.06147
0.000778537
0.867536
2.6932
2.335
2.60034
2.8282
2.54013
3.46362
0.0334328
2.89348
3.58476
0.00206141
2.65904
1.4044
1.56832
2.2944
1.20973
3.02781
1.11978
2.62531
2.93875
1.11616
2.07988
1.51481
2.96568
1.05417
1.04924
2.91227
3.62503
0.00720552
1.00917
2.91741
2.97609
2.62567
3.03154
0.0107638
3.01075
3.62864e-06
0.000400068
3.53519
0.616481
3.07012
0.608452
3.68016
0.0752426
1.72034
0.000180063
1.37261
2.16181
2.20205
2.91289
2.81754
0.986696
0.985286
1.03257
0.000331933
2.93898
0.00308865
2.94236
2.53946
3.35075e-07
3.06786
0.107218
0.141996
2.92135
0.978178
0.997347
1.5724e-07
2.35917
1.07333
2.97849
0.00119397
2.51352
2.8042
1.0579
0.0812662
2.85623
1.00882
1.01484
2.74443
2.88586
0.84897
0.639886
1.23397
2.26406
2.91823
2.29855
0.00961832
0.776268
1.07388
3.08281
2.95266
4.14186
0.880882
2.99948
3.54793
2.41527
3.01375
1.89175
2.94812
0.00227979
1.01521e-07
0.000366451
3.05474
0.976002
2.22641
0.00103921
2.82584
0.00201461
4.20898
0.00281511
3.90193
3.67404
0.00379998
0.000281434
3.32407
0.864902
3.18468
2.8359
0.000461726
2.38346
3.43045
1.8993
2.44186
0.0103559
1.38498
1.60159
2.44227
0.0107815
2.85886
0.994104
0.947156
0.0023675
2.58167
1.13846
2.65006
2.99684
0.000449543
3.00159
0.955546
1.41003
2.70168
2.17558
3.14212
3.0876
2.51363
1.08448
0.00461898
2.71702
1.43726
3.06753
0.957726
0.00134007
3.15581
0.958087
3.22189
0.745863
0.758452
3.90721
2.7354
0.0030613
2.90073
4.01155e-05
2.7939
1.86695
1.96461
1.1842
3.17389
1.16947
0.0144148
1.89474
1.11785
2.32472
2.8384
2.66427
1.79227
3.05983
0.0047672
2.78359
0.000601089
1.03228
2.08856
0.00233351
1.04055
3.28098
2.84797
3.05973
2.98717
1.07674
2.62703
1.90876
1.07659
2.84593
3.03906
0.000517516
0.00142187
0.00101562
2.84628
1.00306
2.71011
1.5297e-07
0.821995
0.00523446
3.52753
2.9992
1.56909
1.34664
1.98213
1.34516
0.00306297
0.00036827
1.07863
1.95876
2.16737
3.02045
2.37444
3.09232
1.08886
2.27581
1.09959
3.17218
2.79694
0.00173987
3.13748e-07
2.3271e-05
2.88718
0.00113858
0.781005
0.000669099
2.77483
2.75963
0.00554133
0.830612
2.87838
2.67743
2.47862
3.1977
3.09833
0.00165439
1.15318e-05
2.96686
0.000759754
0.00137477
2.90386
0.920815
2.19413
2.262
0.922239
2.85715
2.64616
0.531555
2.5545
5.71722
3.99008
3.03137
0.982181
2.90468
0.984036
2.40493
1.01243e-07
3.00146
1.90656
0.00434733
1.17924
2.80434
0.000458537
3.19127
2.33333
0.00156794
2.88294
1.528
0.00318885
0.953857
2.80478
1.43737
2.39764
2.92357
2.33069
2.33405
0.0758208
0.688644
3.01752
2.66108
1.05807
2.41049
1.20244
1.81422
3.2435
2.48194
1.83635
1.18098
1.02887
2.94659
0.960999
2.63259
2.56087
0.000626969
2.9314
2.13813
0.9024
3.03799
2.92115
2.92522
2.05082
2.12812
0.863553
0.0028883
3.21409
2.4667
0.000988568
2.11725
2.99913
2.62108e-09
1.6317
2.46679
0.0229043
1.12816
1.8691
4.45436
0.492928
2.79144
2.99988
1.02078
3.91293
1.08013
0.408761
1.66655
2.99785
1.08282
1.22226
3.21719
3.21031
0.810142
2.63411
0.00153937
2.73846
1.06293
3.29567
0.00239068
0.0628462
0.000449733
2.63383
0.00309141
3.01204
0.646597
2.40981
0.000839894
1.57271
4.18997
2.93985
0.840353
3.16575
2.95375
3.19016
0.000642595
1.80781
2.80321
1.13763
3.12666
2.62663
2.56779
0.000830833
3.03343
1.91165
1.7764
2.45684
2.95464
0.000735331
2.15475
0.743122
2.88131
0.952458
0.739869
2.50645
1.25816
2.70961
3.05798
3.05173
0.922456
3.01535
1.10015
0.920149
3.8272
3.33473
0.000867235
2.47432
0.00517707
2.38853
0.00174232
1.12915
2.52584
2.87045
1.75412
2.63765
0.00422919
1.05177
3.33171
1.33155
3.14228
2.42124
3.08801
0.00173758
2.69052
2.64034
1.62017
2.02586
0.00115023
2.55243
0.000427933
0.89512
3.14708
3.22745
2.40996
2.7511
0.000570145
1.8966
0.251085
2.69281
2.83084
1.04161
1.04994
1.04134
0.738872
3.54387
2.85145
0.968272
2.75433
0.968456
2.00395
2.24752
3.14154
0.661011
2.19666
0.6613
2.73989
1.2432
2.81546
2.9931
3.17323
2.70707
2.71686
0.874385
0.876276
0.00223364
1.07281
3.07497
1.10719
1.10803
0.0012843
2.56648
1.00227
3.03424
1.0093
2.50327
0.957996
0.00681565
0.627639
2.51334
0.00902248
3.98954e-07
2.87868
0.000502954
1.66384
1.33024
3.01827
2.38888
2.9855
0.00226469
2.93342
0.660164
2.32669
3.10995
0.000438519
0.000201913
0.975624
0.00459442
2.42944
0.586926
0.00553313
2.17745
1.21458
3.01712
0.00258706
1.21881
2.94558
0.722342
2.26357
0.716111
2.26108
3.87848
2.81795
2.68131
0.707398
0.853282
0.849926
1.45439
0.0873765
0.000575282
3.03418
2.09505
1.32001
2.50698
3.1216
1.42594
1.40701
2.81159
2.4513
0.000927969
3.10858
0.976315
2.97436
0.00185224
5.7883
0.912924
5.28376e-07
3.10685
1.30905
2.19777
3.03794
0.000259169
0.751957
2.80535
3.69989
2.34782
3.25827
3.22389
3.26443
1.06846
0.267391
2.6961
0.0126743
0.000476521
3.18943
2.986
2.88093
0.00452899
5.9832e-08
0.000808431
3.63184
2.68632
1.13306
1.64402
2.12711
2.72433
2.53181
5.63191e-05
2.76983
1.29794
2.65982
1.63797e-06
0.142015
3.03465
0.00299901
0.000549191
7.81965e-05
2.48199
2.22545
2.77873
2.63663
1.44755e-08
0.00154384
0.822664
0.00352763
2.22103
2.93454
2.3644
1.14623
1.93838
0.00363588
2.69761
4.51699e-08
2.92726
1.27332
3.23935
0.00215295
1.42378
0.257073
2.75367
2.95022
3.62324
0.0064297
0.000246514
3.12192
1.22346
1.28159
2.48472
0.000305008
0.00425058
2.69031
0.79634
2.64042
0.79411
1.8476
1.05951e-07
0.914488
2.86498
3.0768
2.41746
2.81433
1.52909e-07
2.93923
2.41733
1.63311e-07
3.16724
1.26512
2.68098
0.000859553
3.20917
1.16201e-05
0.0024581
2.63512
0.000513304
1.84938e-07
0.187665
2.93348
1.00657
2.72861
1.00265
2.96084
2.81851
2.14017
1.09066
2.81978
0.00326482
2.82707
2.7201
1.7366
0.900434
3.06713
0.457599
2.79839
0.459239
0.907631
0.00208853
0.000407698
2.93949
3.02706
0.482125
0.00785013
2.35526
0.00419318
2.36024
0.00516632
3.20619
2.4787
3.08148
0.731081
3.73279
0.730326
3.21761
3.12328
0.701152
0.701572
1.05356
3.58646e-07
2.96217
1.03587
2.82962
1.03104
2.62472
0.862511
2.19359
0.860745
1.58164
0.971816
2.45727
3.4757
0.972215
3.16968
1.49829
2.70433
1.95437
2.9994
1.22156
2.914
3.26729
1.38116
0.00644789
2.85896
3.10227
3.2904
3.24527
0.110644
2.86791
0.000334513
0.000588635
1.04528
1.62101
2.73099
2.62887
0.000871637
2.84098
0.735642
2.20971
2.47716
0.00230365
1.01217
2.93496
3.07095
1.01059
2.20942
1.46113
1.68495
1.84984
0.000840306
1.14421
3.18851
2.61993
2.04031
2.03867
2.33551
0.00189534
0.000176383
0.00163212
1.3954
3.23613
2.56867
0.00401181
0.00752937
2.22916
0.603554
2.96267
2.92167
5.4921e-05
0.00136036
1.54007
0.666768
2.62003
2.32662
4.28726
2.55743
2.56759
3.72786
0.000382578
1.52574
2.8889
2.37476
3.22258
0.000482389
2.12779
1.5364
1.95164
1.38681e-06
2.44018
2.42002
0.0208296
0.00372093
0.000216145
2.51847
1.71851
0.0341768
2.95738
1.10395
1.73184
2.37728
0.0638971
0.00224492
2.92
2.69654
2.81894
1.17524
2.86034
1.18725
0.000306324
2.6167
1.32415
3.15131
0.00224649
0.000693743
2.78742
1.16487
3.04075
3.56932e-06
3.04861
2.7025
1.52473
0.00108085
1.11721
3.07917
0.851502
0.00197042
2.50071
2.1574
1.96211
8.05448e-05
0.798579
1.77184
0.0069085
1.12214
3.06281
3.53933
1.38636
3.02129
3.22355
1.02668
2.93785
2.36067
0.0933871
0.910813
2.22929
3.67347e-06
2.23271
1.17869
1.25574
3.30207
0.720509
0.579949
2.07819
0.719339
0.509711
2.19966
1.2172
2.96353
0.00148032
2.89532
1.17903
2.34391
0.00117835
0.625055
0.00344102
2.89822
0.84822
2.83886
0.00943345
0.889117
2.582
0.0302851
0.000931068
2.65377
2.96127
1.24912
1.25025
1.92565
0.998032
1.43514
0.804064
0.00541609
3.06576
1.10001
2.45818
0.986196
0.987686
1.54787
1.77438
1.16578
3.10893
2.69339
0.0472772
0.00197491
0.000115203
1.15441
3.83412
2.55313
2.72509
2.59979
1.7024
1.89453
2.88825
1.4209
0.82201
2.77691
3.86263
2.30893
1.68592
2.2301
0.0413061
2.25851e-07
1.51547
3.22763
2.46634
1.7912
0.000466146
1.07524
2.72202
3.16998
0.734925
3.0224
2.56989
0.73521
3.64692
2.31448
2.22594
1.21601
0.956652
2.88319
2.10916
2.75893
1.61464
3.2174
0.730353
2.9334
0.732898
2.82785
3.16164
1.48601
1.61332
0.0211264
2.52826
0.580789
2.6997
3.11956
0.228327
2.85812
3.01531
3.05794
2.35824
0.00326633
2.57927
1.0142
2.74997
0.00966412
0.0182115
1.20851
3.09583
3.04357
3.13626
0.862012
2.28607
0.861463
3.03115
0.00562334
0.937931
2.77329
2.4863
2.9906
2.46803
3.03344
2.57579e-06
0.774986
0.00110406
0.875736
0.944032
3.1597
0.956922
0.959373
3.03168
1.07351
1.07541
1.36199e-07
2.79031
1.00423
1.66203
2.97354
3.04282
0.00883954
3.75874
3.15849
0.995613
2.78243
0.99721
3.12956
3.21676
0.00550114
0.000452372
2.6092
1.48531
0.00468347
3.07908
1.08594
2.49339
0.00521521
2.81779
0.000711131
3.6918
1.36192
3.70195
0.00418118
0.0126919
3.23332
0.920577
2.65519
2.59231
0.00160036
0.000443394
3.00754
1.0796
1.07481
1.71409
2.42964
3.02771
0.00300276
1.01525
2.10676
2.23866
3.10663
2.24842
1.96292
2.91293
1.37371
6.542e-06
0.000168372
0.956603
3.28189
0.912193
0.912013
1.05332
2.4065
2.93479
2.43502
3.25924
0.000333823
2.1555
1.17731
0.000594721
1.13831
1.04009
0.000848983
0.939878
2.82356
2.81513
3.30901
2.68147e-07
1.07609
2.46113
2.70812
3.2506
0.0252075
2.76839
0.60975
2.74521
0.040568
1.07173
3.14611
2.80055
3.1329
2.94571e-05
2.63296
1.09696
2.5315
0.00501177
0.704067
0.00175742
2.95233
3.12227
0.00392425
0.000772688
2.23503
0.00309697
7.81032e-05
0.000258425
3.0973
1.48988
3.10606
1.94119
1.03151
0.000552557
1.78851
2.56898
2.8314
0.00341172
2.98087
2.33827
3.12094
0.891827
2.63288
0.0024936
0.00033264
0.996222
2.82725
0.00377751
2.96271
3.07083
2.59312
1.10832
1.85371
1.11
1.71475
1.39597
0.0262558
2.59543
3.16793
1.42973
3.11647
0.0242441
2.55701e-05
0.907133
3.04563
2.52827
2.60881
2.33484
3.05976
0.918408
2.23309
0.618411
3.01075
3.18915
3.10674
0.962367
1.7454
0.962367
2.69904
2.62103
2.39883e-08
0.00054826
0.663636
2.93638
1.06543
1.0665
2.91557
0.00268124
0.000329398
3.46609
1.93955
1.52615
3.0493
1.53684
2.71554
0.002069
1.5066
0.00146121
1.11945
2.1748
3.04348
2.23002
3.10334
1.97
0.353706
1.6373
3.14215
0.971973
0.98023
1.5675
2.17249
3.04392
2.4388
0.000786245
2.14102
1.32417
2.48895
0.00112737
2.12247
0.953218
0.0144384
1.66585
2.91464
2.30906
4.49832e-08
2.98257
0.834651
2.45054
9.80524e-07
3.08299
2.14274
2.90394
3.37501
1.30938
1.32834
0.0296352
4.34316
0.000171553
3.75927
1.16996
2.17951
2.81084
0.000909766
3.02532
0.000736097
2.21902
2.67026
1.3597
1.06735
3.6189
2.56106
2.6547
2.20508
0.959625
3.54214
3.17436
0.789351
0.790474
2.84612
0.791515
2.43245
2.27205
0.796298
2.0544
2.70644
0.0022145
1.9536
4.38641e-07
3.00431
3.17763
0.476344
1.33102
2.46956
1.34045
0.000933768
3.02507
0.00241098
0.00189512
0.00349524
2.19722
3.42563
3.05951
2.91732
1.65189
3.18349
2.94089
2.97151
0.689715
0.000441066
2.30265
0.757629
1.88538
2.59083
4.5746e-07
1.80593
2.68114
2.86262
0.847224
3.06514
2.30983
0.843573
2.53925
1.00598
2.8109
3.1717
2.22948
0.00176357
1.52878
3.18074
2.77571e-07
2.1857
3.46464
0.889167
3.09683
3.74082
3.39834
2.82975
1.33582
2.39872
2.58471
0.00858281
1.12593
2.58294
2.26649
3.03464
2.2925
1.04144
1.01642
3.11898
0.731455
0.730135
0.000517295
2.11429
2.58735
3.28878
2.58104
2.85248
2.86992
4.10045
2.69498
2.32559
0.00358812
2.33332
3.05217
0.00140855
1.58509
3.5211
3.35725
0.00240846
0.000912713
0.0585742
0.00208623
0.946184
3.08481
2.90319
2.13797
2.23104
0.000735544
0.891142
2.51394
2.98465
2.05762
2.48565
2.8345
1.31322
2.85789
3.00873
1.14763
3.62434
2.85709
2.67517
0.000163851
2.39002
0.707257
3.55744
3.0805
0.00326111
3.64325
0.203406
0.904477
0.00378994
3.07722
1.14402
0.995694
2.79879
0.9927
0.0577441
2.8869
1.58228
1.70151
1.7042
0.012918
3.38054
0.00169991
0.000199217
0.00023441
0.930433
2.79593
2.931
3.07315
2.95493
1.97656
2.21372
1.82296
1.62101
2.934
0.944807
2.99061
0.944807
2.99667
2.9289
0.979685
3.68628
0.978446
3.00581
2.83444
2.78983
0.875673
2.33655
1.13062
0.877123
1.80666
2.93393
0.00529625
0.000130039
0.915328
0.65888
0.000698925
1.79628
2.80674
2.34988
1.19658
0.741791
0.00330438
2.61695
2.01599
2.17574
0.00265419
2.99251
1.00317
0.879976
0.00208723
2.9368
0.000185607
2.8042
0.872082
3.12837
0.0101478
0.956981
0.00190775
2.49316
0.932977
3.0517
2.69382
0.00961551
1.18566
8.73861e-08
2.92661
2.97955
3.16161
1.44666
2.26637
3.09107
0.000507459
1.2108
1.9906
0.514053
3.16137
3.00964
3.09161
2.70237
2.61796
0.00093927
3.19129
0.614337
1.0486
1.52538
2.68179
0.223406
3.1525
0.00097015
2.69733
2.04847
0.000585557
3.0932
2.64451
2.04278
2.61394
2.37067
2.91357
0.000775006
0.00144784
0.698051
2.93646
0.000285733
0.000784478
3.26042
3.83393
0.000202752
0.903316
2.29728
0.00587017
3.90422
0.00302637
2.39931
0.853882
2.50258
0.0177999
3.21964
0.00655067
2.64604
3.60471
0.0035301
2.85729
3.817
3.98368
4.79748
4.88481
1.18552
0.0139104
2.0225
3.16356
2.64722
1.03822
0.000771037
3.00229
0.155187
2.26338e-05
2.85693
0.8371
2.57814
0.0256817
0.679462
2.67824
1.30443
1.64772
1.30762
0.681516
