65.6917
2.18647
13.0569
33.1853
77.6047
0
22.7551
34.3555
57.7575
40.6544
54.7582
0.261066
106.153
123.619
97.78
17.466
19.7057
3.25482
5.63981
1.76478
55.1466
57.4459
46.0811
0.266931
22.0451
97.7185
29.7696
33.905
26.7501
149.046
5.71124
136.048
0
59.1403
71.5124
84.6618
51.4185
0.0779594
40.5705
4.21168
22.5188
23.0669
31.7942
1.84059
40.2519
40.8
49.5273
61.7048
35.8913
33.966
82.422
15.812
8.10008
34.9547
12.4093
67.8117
63.9914
22.6637
0.329417
42.7294
0.369844
18.8983
20.2309
18.1267
19.2014
10.8787
3.01546
4.75019
26.6847
0
24.4197
57.0514
38.8643
7.91295
11.8464
77.1877
2.01161
0.104344
121.875
12.59
56.1789
85.4035
23.8395
1.71719
61.1216
63.5034
107.072
47.6076
57.357
0.648791
132.996
73.0981
1.60403
85.0867
89.1219
54.1112
0.441539
40.8417
95.0052
12.4166
0.0689898
38.2251
59.9713
90.0583
62.5216
28.0765
0.308438
36.517
34.003
0
13.7135
44.0704
1.3334
41.0519
69.4816
70.4011
0.059763
77.9725
77.506
78.5693
98.7173
5.1671
0.519174
89.1263
84.8132
33.6778
26.382
44.9332
0.0466976
21.4558
42.8257
66.389
81.2987
57.0381
2.77132
59.491
73.827
34.0808
6.42201
1.96683
58.5584
105.621
28.2656
43.1953
91.563
37.4855
7.04418
75.859
12.4958
7.3619
70.8716
2.9266
1.33954
96.6252
8.92164
73.2166
41.8601
19.6978
38.6192
19.2895
8.07086
90.7997
9.13947
81.8547
204.667
47.8171
9.19567
133.102
204.315
68.9423
0
14.9758
0.485238
39.5736
98.1728
130.089
0.671686
70.5443
102.461
68.5626
21.953
229.487
3.67476
27.4833
52.7719
45.1218
47.8267
18.9997
17.2696
29.9173
43.7774
16.31
60.4741
2.11877
13.76
28.8198
44.384
1.36763
28.7153
44.2795
52.4207
21.7967
63.4415
36.7169
13.9078
40.5959
27.4345
62.2904
15.5832
8.81296
42.6728
12.5211
57.3936
91.5508
1.21289
20.0121
25.2804
0.646536
59.5859
64.8542
23.8235
18.5198
219.816
48.0837
75.3275
35.2412
100.024
34.2653
24.0677
0.238171
92.4333
112.769
86.6787
18.1088
14.7746
11.5054
57.488
102.174
110.063
65.8008
10.8714
76.2123
0.693349
33.6654
0.9707
29.4882
33.9602
57.0671
17.625
4.04715
11.259
107.567
15.4105
40.9383
18.0894
4.8369
6.38196
81.7849
119.818
54.9782
1.39889
94.8392
64.6799
15.9675
238.143
20.784
15.8089
0.199718
109.498
6.93286
58.4046
100.193
39.0953
39.9346
200.897
51.3781
60.9403
0.0348075
88.7048
114.514
39.6787
0.0154337
1.10299
42.6482
0.231086
114.922
142.688
106.999
0.549257
78.9285
0.0274215
54.8437
104.347
0.987246
16.8231
21.5424
108.319
26.3866
0.172129
62.4743
18.8831
5.91262
2.64625
127.254
7.70744
8.98967
39.8361
40.8117
36.4712
4.16311
35.9851
67.6907
26.3096
24.6097
83.0183
1.83383
0.194572
101.151
38.1307
17.7672
30.9294
12.2384
47.363
1.80512
75.83
60.5479
9.48123
23.0748
23.7344
59.6132
56.7769
11.0586
12.81
64.4301
1.14748
0.206591
26.0746
39.9518
51.2312
39.9598
11.2794
45.0288
8.98595
0.11266
19.945
0.558348
56.7206
69.3589
2.39876
43.5447
47.59
0.549095
8.62511
24.9475
41.8744
178.864
69.8775
93.5929
2.38622
95.4852
101.261
55.1601
10.8007
21.2623
71.4022
8.2373
106.513
121.729
134.108
9.24601
93.6979
5.67701
25.5438
82.7946
1.12666
3.37718
21.6592
39.1937
30.5088
0.416429
62.6586
0.707753
0.617615
22.1424
0
75.4876
66.0625
28.0661
77.2686
0.7617
43.3765
56.5349
106.745
42.3242
0
51.9341
35.4854
21.74
58.0514
62.1963
1.29238
26.5144
2.08588
1.58287
13.5506
20.3333
0.795342
18.7297
47.2748
20.2181
49.3745
53.7749
52.4002
2.89323
96.8684
0.0774639
0.090127
31.137
121.543
33.0245
6.889
23.2934
41.7393
51.6158
53.2335
1.65313
18.1244
28.0009
29.6186
52.3252
24.0028
35.3925
25.4421
7.79306
25.1458
45.4841
25.2531
20.231
101.395
0.539142
1.81335
65.5698
49.7883
26.0309
0.00211803
88.8348
99.6517
96.2317
1.3656
34.5608
81.2314
48.2256
97.8548
74.5763
49.4684
0
81.3047
97.6458
55.0428
12.2505
0.782481
47.6053
35.4339
41.4992
2.30182
266.17
268.622
242.657
2.03355
91.6052
59.4839
26.7075
27.9206
12.5824
76.2916
23.6214
3.5975
105.046
13.4353
29.8052
60.2009
12.9443
74.1998
7.54862
6.01307
96.3207
0.666526
26.1996
68.108
10.1368
2.52362
30.0893
155.515
187.948
200.349
155.965
32.433
62.8978
7.83072
2.72722
2.04124
84.4621
84.7653
57.3066
1.13705
35.4409
40.1786
89.437
93.2236
92.5584
2.36419
7.97442
86.4008
106.846
26.6721
7.80643
9.88034
4.21932
80.6963
83.3971
83.3971
0
14.6689
36.3798
38.5706
48.6636
73.6921
82.5808
44.2255
7.11497
41.0322
167.641
28.6411
13.3404
40.1216
183.949
35.1705
2.9382
121.381
200.212
100.466
0.707002
26.5938
2.9215
18.7052
4.71028
43.4895
22.5701
0.540616
0.308616
0.387274
75.096
102.472
41.1957
52.416
0
1.82795
7.01034
92.3009
36.1828
37.5289
57.3582
0.741768
31.5656
108.872
7.93367
0.0276924
34.5834
76.2488
19.0951
14.1874
8.55371
33.1407
77.8103
0.0999462
0.710796
30.0858
1.34677
34.6502
4.85304
49.2255
16.5344
29.7363
103.117
30.5668
72.5503
125.588
89.5407
1.3584
39.7421
79.0237
6.55409
0.32009
74.9818
11.8058
43.0166
163.841
0.528675
14.4997
16.321
0.583392
101.794
88.4946
0.712948
133.207
139.214
68.6585
5.40283
58.4202
90.0678
0.153329
0.122122
69.6191
77.0987
51.8878
7.47962
36.9508
83.7309
83.8373
86.1024
86.1024
2.26518
0.518425
22.3186
44.0537
85.356
51.6694
13.774
99.0273
8.21167
0.387438
7.63715
22.8798
71.2562
6.75363
21.9571
0
90.6662
78.0705
4.42686
30.8718
48.5088
34.4317
1.44513
12.7883
5.36395
10.2989
3.78989
13.4028
48.7577
0.218898
0.711759
35.2297
1.7116
0.876925
64.7132
27.7165
0.280328
0
92.9334
20.0047
14.8389
20.5779
0.365696
47.1667
66.1147
76.4387
34.4049
18.948
124.169
39.327
84.0784
99.327
1.47962
6.77294
38.0497
135.717
0.174873
54.8542
66.7888
39.9152
62.1699
2.70219
2.60826
50.6903
5.10078
45.9341
66.0432
27.9214
53.1921
20.5758
86.0551
21.4993
17.2709
95.4831
0.396501
18.4665
38.3928
112.847
119.275
0.437966
1.08152
30.7803
14.2643
6.48943
10.4399
54.7589
25.3132
96.9142
18.5309
3.48051
34.9007
80.4082
3.35523
5.24612
5.71617
7.6254
1.59685
41.2477
41.7178
43.627
34.4604
28.0473
0.911353
31.2884
33.0836
34.7052
53.0809
81.8704
38.2294
23.3346
3.33737
16.6022
61.37
61.8157
63.0163
1.20066
25.4986
14.6549
241.206
297.078
306.414
306.455
247.195
10.0873
0.71062
81.4634
13.3964
79.5175
16.7006
12.6202
604.816
56.4373
74.9064
0.845164
61.5111
63.7163
66.1993
2.51209
114.103
1.81816
4.93055
0
86.479
88.272
28.1772
0.527308
53.7902
18.9743
52.026
55.964
52.026
3.93795
64.046
9.17091
25.3419
48.334
68.4873
27.52
20.9567
40.3514
107.222
79.0117
0.401306
0.881565
0.927762
72.3043
82.0421
49.4112
0.289099
61.7439
0.487633
4.13238
111.971
23.5403
29.6963
31.8574
80.3344
140.577
142.738
393.865
193.358
129.508
21.0857
30.9847
42.0072
5.59887
54.5117
14.505
0.277782
16.4938
1.21414
30.5508
44.3831
68.9986
78.8164
80.6472
50.708
18.2517
20.1961
30.0139
31.8447
111.767
52.9871
34.5307
4.92465
35.039
28.6711
23.4528
93.4387
24.8496
18.3083
1.19806
111.127
115.073
156.942
53.3111
104.569
34.57
14.5901
39.0776
36.8525
30.0091
30.8276
32.3946
41.536
4.63689
30.7713
111.35
45.4833
3.77309
1.25336
115.114
28.0427
20.8282
46.2276
173.821
0.0434746
19.1836
31.4194
0.0220444
1.84938
0.792694
12.1161
18.4326
0.989456
1.39523
0
58.2345
42.3431
55.0231
158.871
49.6574
33.4648
89.6983
196.232
37.007
103.854
7.00081
32.7897
63.4073
0.193295
0.174307
75.9667
25.1728
0
51.0058
6.56699
25.7006
88.8246
13.0856
29.2192
66.5084
0
0
133.02
10.2297
5.76436
78.1538
125.095
78.7338
9.48234
58.9962
64.5829
10.0884
1.54007
20.8956
0.830751
79.7555
1.11569
23.4878
38.8067
73.6127
3.9868
1.17251
43.4749
75.7061
16.4213
16.5701
148.803
1.65248
90.8231
158.95
37.674
12.6111
7.55373
49.2252
1.49013
0.87863
31.6004
5.15647
0.661275
21.9038
80.4552
3.0887
52.7168
51.9344
7.9197
0.209216
5.04009
35.5587
36.1343
152.641
20.4523
2.69698
10.7328
236.992
16.8687
16.7753
55.1984
0.3275
0.8536
48.7729
46.9674
1.01835
3.3258
6.17464
101.413
108.798
146.27
1.33934
12.7162
18.0506
1.85775
66.11
59.2194
67.9756
63.2397
85.6977
77.5763
18.1065
29.8286
55.0072
11.6611
0.0518959
12.7085
61.6682
18.5938
8.93265
36.6476
84.7921
0.629823
38.9236
41.9647
20.3374
123.716
126.757
187.568
28.7467
4.06829
63.3266
65.9701
148.866
8.49224
59.6863
103.949
22.3832
3.9887
132.356
44.0467
0
68.0895
73.7428
78.7771
0
72.7733
78.4266
83.4609
42.9407
32.0171
5.14751
22.6221
26.4744
7.45364
3.82112
42.1302
120.064
23.4663
28.8051
29.6249
18.9389
19.1873
71.3008
6.39322
32.0924
48.67
57.7112
56.229
0.512113
0
25.833
18.7092
0.654664
65.2868
17.6034
23.6223
0.982159
58.7189
164.438
57.9545
0.312168
86.7592
57.7853
142.137
2.78523
0.422335
20.2254
12.7979
69.6194
43.4696
154.191
0.000738649
38.4973
178.652
9.28079
17.0488
4.82377
39.6974
15.1586
54.9091
47.957
37.5137
59.7906
27.3567
114.348
25.9492
118.207
19.1013
3.10648
0
38.1814
77.749
84.1732
114.824
117.388
31.1787
39.5676
45.9918
76.6427
79.2069
47.1713
29.9565
85.9747
33.7843
52.9267
82.2128
29.8228
41.4063
32.6917
209.307
2.21996
0.546289
29.7624
62.8073
210.277
259.615
211.459
48.4089
84.8931
91.6766
137.877
144.767
138.535
6.79983
133.073
31.3284
58.396
1.09367
148.229
125.522
32.6552
0.203134
66.9407
64.4639
153.67
46.3733
189.886
46.792
143.306
82.4518
23.5733
121.063
22.8307
30.4444
0.94386
110.228
121.687
149.149
155.431
161.455
69.9192
55.5386
21.7952
57.0938
20.0207
55.5598
1.41773
125.291
83.8454
187.169
2.54619
1.66988
90.8219
0.365154
26.0273
0
54.1686
83.9649
99.3447
66.4784
0.056106
30.4123
0.151664
95.3624
2.16424
104.064
63.7617
0
3.11469
2.34777
132.842
162.798
212.813
224.11
70.064
0
61.3117
5.54338
14.1562
40.0926
41.7088
5.3887
25.8886
27.5048
60.1358
15.7502
17.9735
0.144909
0.595048
102.041
0.00425893
0
69.0894
1.66135
98.5129
1.34297
34.1692
310.076
59.0653
152.194
125.999
26.6559
4.37069
14.7057
72.6799
84.9148
15.5189
57.2005
69.4354
75.1299
22.6914
30.1642
2.91754
49.89
68.0018
54.4745
14.4836
29.0431
68.3577
26.9753
21.1251
22.2236
0.35891
19.8245
0.232506
41.445
4.0007
75.6114
87.7121
1.06824
2.08089
94.4177
1.0209
7.65979
24.274
58.8652
0.622075
1.71989
162.726
13.7789
1.54688
113.641
27.3552
61.8527
26.8357
18.9409
47.5079
3.81854
32.8824
76.8785
0.790238
0
45.5317
0.67602
68.5192
11.0621
71.9442
0.0747376
11.7032
40.9475
13.7205
55.5811
15.7863
41.038
1.68097
58.7025
69.1874
31.3809
0.354141
97.6839
24.5819
1.47706
20.1003
73.7578
4.27499
48.2173
30.649
0.378774
214.502
85.7139
4.92853
73.0651
30.0356
27.5188
34.7355
0.873157
46.1579
61.7541
72.9863
25.2052
0.844211
27.8019
23.6599
94.9772
14.1606
14.4431
5.27317
31.1051
81.4495
86.1669
34.5185
44.3317
49.0492
56.685
1.62321
0.984377
31.9436
45.7991
80.3763
16.7193
13.6614
89.5962
23.1935
0
0.0216039
70.0817
4.68045
5.77673
6.66664
21.3955
0
78.5593
13.6878
77.3455
57.4019
32.8931
21.5635
9.56503
9.56503
1.41596
63.034
37.6435
1.77381
0.0668454
45.4556
24.6798
35.667
61.3368
0
70.2134
115.197
0.122302
4.92873
0
13.5718
20.9904
44.9706
10.7612
0
82.6929
0.299547
14.1479
27.6928
96.6846
82.3698
0.619679
7.20166
29.2854
1.25738
19.0513
29.3419
33.665
31.8812
4.88921
96.2681
17.7195
19.0315
63.2524
32.2647
0
27.0916
57.6412
0.0044607
6.11242
7.2438
114.36
1.71958
0.0637121
83.7331
45.9611
3.4287
0.571718
14.9588
45.0796
0
8.69484
29.0536
2.14564
0.0527065
55.6811
0.000893118
23.9772
4.58601
79.6583
103.816
26.6116
23.6408
14.1138
21.8652
0.225137
94.9899
101.279
0.612599
20.004
11.9057
14.1874
19.9467
2.62488
34.1915
39.9507
0.0741524
119.133
48.5791
13.9026
15.9298
39.9919
0.60643
98.1606
141.852
144.057
125.482
3.3686
3.60013
0.816444
158.697
174.579
140.17
14.1961
46.8595
0.423209
93.9093
112.225
74.4785
15.6098
41.4394
110.887
8.31982
29.5732
33.1846
0.342008
137.269
202.078
118.897
0.0891332
36.4103
0
8.17046
6.77491
5.04967
10.9808
61.9911
12.3447
30.8496
33.6594
53.7365
104.246
34.5913
20.2669
68.0076
21.7773
81.107
90.8618
104.989
134.07
50.3978
32.8204
56.702
85.7837
0.0890463
134.874
51.9137
0.121323
53.3229
2.71199
0.625695
32.3384
7.15928
8.09365
48.3061
59.8129
60.2232
11.9171
45.1716
15.2942
40.3403
0.423217
83.4865
1.28077
60.6174
99.5097
70.9268
1.83734
103.898
35.5285
13.1346
2.4519
24.5379
53.6673
59.6199
69.789
79.9117
8.9171
2.90178
17.39
45.9676
19.7232
106.773
10.9441
0
30.744
0.0794808
0.340514
0
124.115
133.073
140.691
145.535
31.2185
8.91655
21.3783
8.48171
42.3993
60.1496
75.0916
44.8915
15.4962
53.3419
107.418
0.110874
61.5043
0.470009
20.1738
0.0017624
38.9108
46.3989
55.4407
71.1572
25.4751
0.560192
24.1981
36.8835
4.63711
35.0215
257.144
47.7306
0.145506
153.166
88.48
33.147
46.0349
162.903
73.9207
64.1342
21.8179
147.447
1.12257
1.51893
31.9978
73.2216
1.09532
58.3368
60.9515
2.01508
100.841
103.455
15.7692
11.6188
101.295
35.4026
39.5038
20.751
113.912
0.660951
0.158355
64.4154
3.41197
20.6039
27.3896
0.315339
81.6603
102.511
142.777
36.3192
0.676692
66.096
74.3592
101.015
111.393
115.919
76.377
24.8467
39.7508
110.299
121.214
122.085
0
61.5521
2.73346
27.7746
57.1453
30.3397
31.2213
66.5151
1.83898
22.4909
16.1233
56.2832
2.28777
3.33869
77.122
1.65858
1.39867
18.2721
57.2362
9.82403
5.37615
1.77512
2.82302
11.7897
57.4041
0.409645
12.5968
58.2112
5.25529
37.1361
18.2398
7.77247
0.784162
79.6501
86.2215
0.141679
8.05909
0.838554
26.2812
41.5368
42.4489
0.532026
5.39843
4.54464
54.1797
4.94338
59.5419
20.4435
116.534
0.485604
0.417561
20.3401
84.9235
2.88921
5.74211
71.5014
88.9317
107.957
0.24813
0.304751
9.79027
21.3689
52.3839
58.4696
22.3497
31.015
37.1007
53.3878
16.2871
87.2817
0.648743
159.175
3.51869
167.361
62.1273
2.9546
59.7018
60.1056
64.0639
4.7649
4.10203
26.3443
49.4655
1.60352
36.7067
25.2255
1.68783
26.9282
0.724389
42.0621
2.02893
80.4745
106.702
41.1862
11.8482
46.595
0.628201
1.43152
78.1764
84.9462
33.0006
2.3297
52.3914
59.6369
1.54114
39.3593
8.3329
97.8043
19.2828
79.2899
99.0419
1.99571
0.920555
9.53937
15.0463
41.6443
42.2767
49.8791
19.0421
26.0444
26.6769
34.2792
2.71355
12.209
56.6521
7.64165
39.8145
148.903
66.5875
7.88413
21.6065
3.18861
144.138
167.326
64.8204
23.1957
37.464
0
0
1.95385
232.76
288.787
320.078
322.352
271.726
33.9538
0.388255
100.28
8.92453
3.76028
8.02762
125.258
75.9595
2.21002
0.38203
78.5638
5.34144
8.39195
0
56.5541
75.0318
70.7251
0.212784
48.1361
0.330851
156.623
213.833
75.6949
56.4383
136.756
32.7606
27.3064
75.3211
29.2213
47.1895
50.4472
95.5929
6.21008
12.5512
19.5466
101.967
9.40028
14.6678
16.4267
114.752
24.4495
120.895
0.109668
6.26605
11.7543
61.8344
3.70594
22.7217
23.6704
30.1226
39.8776
31.9281
0.290696
163.896
3.52333
26.66
39.0978
190.367
39.9552
55.4823
19.345
20.5574
104.412
0
63.6862
87.6751
68.7415
29.2862
32.9528
47.5562
50.3923
50.8933
49.3242
1.33649
0.107381
83.4562
113.548
86.603
0.238345
34.7057
23.2742
24.622
0.0933186
164.645
136.45
20.542
0.579795
136.929
144.334
170.511
132.999
37.3738
51.2856
19.7322
104.776
1.14051
1.60487
33.5298
61.4898
62.776
104.09
32.8371
1.91614
92.8824
95.9973
113.159
58.4623
0.964391
17.2305
21.0292
78.4098
87.094
91.4901
85.0771
80.6478
16.1788
2.71349
9.68323
0.114164
49.1463
106.894
41.6616
57.6745
61.559
188.779
35.7294
33.383
12.0655
42.8713
43.1492
20.572
78.7849
5.97843
13.4898
6.07064
8.87944
18.2204
6.02999
7.99344
63.0387
0.655562
56.7635
83.4099
84.6403
87.3659
9.71979
44.192
12.2185
4.08714
48.1409
17.4513
45.9899
73.0033
58.5469
22.5822
68.0375
6.00125
1.91828
0.0606397
103.782
108.735
128.167
32.4585
21.7856
37.8637
13.1563
1.84469
92.5145
73.6787
95.0128
0.00454017
0.475108
45.5977
0.509557
56.5836
57.3279
40.1989
0.744297
65.0573
0.25984
16.8873
24.9605
0.886293
8.02709
0.0163633
76.5511
84.1415
151.372
76.7588
1.14967
69.0751
2.68058
1.01734
36.1076
30.5566
27.4273
14.269
65.6498
43.6443
4.19442
7.90724
18.6978
41.0976
12.8568
9.99009
166.566
27.1923
50.267
69.039
14.4244
38.4724
95.6631
41.0198
107.033
164.224
97.1322
0.755433
101.695
0.0835144
108.677
113.093
135.267
48.8939
0.170593
37.1149
77.3829
1.34816
9.84644
109.871
26.2032
6.34753
31.9554
0.00192388
109.105
9.22059
8.12886
8.63136
5.35951
78.151
122.909
63.8971
0.26983
62.9856
21.0275
0.968183
39.157
30.3319
113.342
124.731
113.361
11.3891
2.65366
13.8879
39.1618
7.19215
41.4512
84.3461
0.555054
106.142
0
110.078
0.838635
30.7247
0.385105
73.041
106.805
45.5687
29.0308
25.8895
37.1112
90.4381
14.4544
32.0814
34.593
48.5158
55.654
83.4712
84.2125
32.4297
2.51162
23.5726
51.3897
52.1311
39.6362
1.96314
3.22155
100.559
10.4802
13.4715
0.868307
50.3409
55.7073
72.6076
79.1204
80.3182
15.2336
1.88464
21.5285
22.7262
26.4616
2.31793
31.6547
56.9966
0
0
0.245484
86.8952
87.5581
74.8209
0
91.7412
4.56547
0.475298
137.935
189.326
191.068
156.581
1.23619
50.0431
10.4383
71.9121
35.8821
121.584
70.8819
42.1167
5.73562
5.79614
74.9349
111.444
129.408
0.000180477
69.7483
84.5969
40.2693
3.05223
46.1967
293.325
30.9298
19.2973
135.514
28.2775
77.4724
71.9874
34.1344
48.0526
50.1193
24.6412
21.3779
73.0601
1.10034
20.5337
8.51373
62.2354
1.13748
47.7964
49.8775
1.39017
69.0506
71.1316
40.9032
2.1645
9.68929
77.6774
49.7545
2.80345
67.0927
2.0229
13.9166
22.9252
4.0251
58.8521
60.0706
56.7431
0.942647
78.8262
2.78186
24.1777
71.3964
1.62106
0.370825
52.552
0.0300369
135.024
153.509
112.949
17.2069
0.447829
109.587
119.842
76.672
10.2547
32.0044
4.27981
0
87.2008
0.290801
9.0346
0.93048
42.6996
41.6078
85.8404
8.04666
120.27
109.831
5.52167
6.77437
79.5581
0
1.95063
2.75789
101.449
73.9947
55.4057
0.94175
73.4837
56.713
32.0731
104.394
3.44714
0.766574
0.142845
65.0173
28.2599
1.10731
39.9227
45.2178
30.0354
1.98571
10.6729
10.6018
34.0235
36.0847
71.7737
93.0296
101.241
53.4633
15.0041
41.9407
50.152
76.4331
17.427
3.0812
40.2797
46.7303
48.5503
55.1006
61.6229
64.9415
19.4087
11.0384
27.5666
6.22342
32.7483
121.616
0.819859
39.646
7.27532
5.21601
51.6347
54.1535
57.6801
57.7706
7.05462
58.91
61.4288
64.9554
65.0459
0.792857
80.6031
95.2537
109.118
18.373
14.6506
57.2154
43.7225
2.15153
22.3327
20.0967
62.1519
0.187282
0.161112
37.559
48.9194
47.3554
0
8.85891
109.951
49.7728
28.0452
51.3032
0.78858
38.1564
50.8879
43.1354
89.2157
101.947
21.291
7.21013
14.3966
9.47648
2.16753
2.69073
36.674
66.8903
34.8779
3.12235
88.1669
58.9177
25.8211
55.539
0.219062
70.4928
88.7839
211.615
0.637531
269.964
4.4088
30.9765
33.2698
108.772
33.4976
0.785624
11.2219
12.7687
20.2939
12.7914
7.5039
1.19975
220.516
259.954
178.556
2.19523
160.795
63.8539
0.70749
34.5982
19.3193
98.4521
34.2209
38.3967
59.6603
64.0633
65.2599
5.53904
0.481204
19.5833
29.9569
0.0118653
30.3598
37.1832
114.922
154.817
60.9127
189.204
131.096
83.5204
0
63.0007
35.8512
4.91749
0.731342
92.5642
98.4878
50.9689
2.32024
21.4023
107.824
79.6485
20.9499
0.888516
18.9224
21.9758
68.8065
82.7157
23.3033
46.336
60.2453
70.7195
10.5071
18.4457
37.3685
89.1652
62.0033
4.76148
8.80579
1.99365
132.806
134.72
108.614
0.454814
0.0780472
47.3403
50.3078
74.5821
20.7005
2.96751
65.3662
70.8477
0.458933
36.6787
5.52296
105.205
15.626
67.3339
31.4399
1.82866
23.0811
27.1847
12.7569
27.8531
29.3642
45.3032
2.86474
19.2649
30.1462
49.7887
24.9235
7.00566
25.0233
24.6593
4.56935
27.3015
40.2357
42.1812
37.4408
0.390965
55.9055
40.9523
65.4539
14.9739
31.8774
89.0224
5.77074
0.529886
21.3964
75.8706
175.78
185.796
203.878
239.118
252.279
177.186
9.94003
63.2618
76.4233
86.07
22.7324
16.8358
5.58209
0.922061
2.89882
76.6546
20.7137
49.9925
51.8431
45.1663
49.5752
7.36615
5.46512
115.525
126.19
19.0458
104.826
1.81945
0
99.7849
3.18176
0.873995
17.0828
6.68472
59.0928
16.9205
76.0134
78.5147
5.7696
81.4313
84.1888
293.044
300.681
72.1857
17.8238
4.46389
47.3812
15.0248
65.2049
53.8946
105.521
7.12293
37.8572
20.9124
43.3557
12.855
114.695
147.684
121.288
30.6576
25.0414
15.2542
15.7369
98.6148
0.0813144
0
119.146
8.14869
0.217118
60.1095
1.47039
31.3526
37.6861
28.9209
91.6168
100.136
8.5193
50.7428
1.40232
20.6691
110.288
0.0591522
0.286607
69.2497
10.5675
43.2651
120.71
20.8761
44.5957
11.4497
0.61146
23.9617
119.904
5.10004
15.1713
212.654
0.43431
2.74452
41.2067
83.0995
83.5575
164.85
26.3269
28.6106
105.712
31.1829
47.2993
41.3527
50.1396
96.0942
106.759
51.2263
45.1019
83.7505
108.429
33.7328
11.3412
0.726836
38.6995
59.5141
53.626
0.450413
303.52
69.0144
234.847
56.9747
26.3859
21.8148
26.6957
46.3387
59.0688
54.3385
20.7935
5.48569
22.2537
30.223
0.0276143
73.9172
76.6389
114.231
66.0487
2.72171
7.67853
117.088
118.164
147.682
30.1954
54.9106
81.1755
1.82213
0.282198
27.9455
24.343
1.1706
51.9897
52.6632
142.66
2.24065
0.248198
41.9883
8.37133
28.7583
52.2809
2.84971
26.5733
76.4582
23.3196
0
45.6553
47.238
69.4392
24.4755
0.340972
75.676
50.7735
27.2709
15.6417
13.4774
9.99467
26.9874
14.5743
38.942
65.4426
26.4985
0
40.3611
62.8414
66.9367
80.0355
82.7834
0.491624
28.8905
32.9857
46.0845
48.8325
24.5861
133.854
52.6356
98.4347
1.00411
3.10705
59.6191
5.60148
6.03902
56.0687
0.50249
0.219461
1.17417
15.9519
57.9006
73.8875
86.1115
85.4087
28.2109
0
90.3793
30.1893
45.2068
0.148048
28.686
19.9696
47.78
0.0682536
3.5562
76.4381
87.2258
37.8145
10.7654
37.7483
33.4213
0.357339
24.7451
8.21873
48.8279
68.6519
2.58633
1.0628
31.6571
0.891939
1.7534
19.6636
103.659
55.0078
40.6732
42.1249
1.00778
36.9181
25.6491
73.8767
34.6173
41.9083
43.5628
63.4482
2.28035
25.8516
33.3509
291.073
122.726
0.3526
166.236
52.9972
2.3807
0.936711
100.042
0.397799
0.828323
106.865
4.10763
69.4651
0.67404
0
49.1799
1.90345
12.2089
89.3586
14.1193
34.0592
36.5887
9.0052
60.4254
14.4488
23.9724
15.5861
83.6595
23.4636
45.5713
62.2759
69.2694
69.2936
62.6902
0.140771
6.87685
0.813413
88.492
167.963
104.258
0
122.647
51.7193
0.661378
0.116662
100.994
2.24954
27.3
81.5745
1.1439
10.2876
64.9027
41.8983
16.8114
21.4895
61.5492
16.5339
90.2492
115.363
92.1591
25.1081
92.9333
7.57008
110.301
2.98329
0.935991
19.2069
0.715697
16.506
145.061
39.4079
26.4062
0.18271
47.9043
141.694
47.957
14.7102
0.0485887
1.21728
101.633
0
1.22543
1.80442
11.9396
13.1243
10.6383
1.1847
56.6417
0
13.3629
27.8977
91.5518
0.210916
51.5238
16.9109
143.073
21.1469
19.385
78.3152
51.1714
54.1366
85.2611
28.0765
33.4125
55.2189
59.2691
34.674
21.1315
43.2153
80.3121
25.7392
39.2331
100.739
44.3677
36.5221
26.5481
0.115822
38.9653
47.827
9.73047
8.86174
0.430056
22.0406
74.4529
81.3292
70.5783
7.63454
44.2508
0.00864977
33.3916
88.769
0.787376
3.8585
67.5966
101.002
60.387
5.88475
25.3581
97.95
67.4008
0.0576093
3.9858
0.338304
51.3725
61.4937
85.3054
0.846568
37.7713
61.583
75.0991
2.39178
0
4.5659
125.607
133.158
133.705
0.0133918
1.2074
35.9789
57.6522
41.4298
16.6016
57.0398
5.67432
1.02887
36.0889
0.941683
56.0863
63.4491
0.410994
22.8312
103.219
74.4684
14.5776
7.57345
26.8244
102.872
36.0537
26.4937
30.3703
18.352
96.9894
97.1407
97.7276
0.586868
1.16704
32.9989
33.1263
0.213158
8.55964
102.564
14.2754
42.5464
10.4079
60.9871
61.8295
70.474
0.151654
130.917
28.3356
12.8246
54.2092
1.20919
41.0338
37.9449
50.0883
1.88903
0.122406
39.5981
39.4156
42.1255
121.118
76.6179
0.0260555
33.361
24.2819
0
1.14898
0.657042
46.4955
73.058
41.9555
26.3532
115.922
0.46898
10.8099
30.5704
31.2844
39.8954
29.5011
0
74.3459
15.4874
28.2377
8.3586
0.266726
38.1225
40.7727
0.436022
38.6122
41.2624
56.1762
0
0.150325
0.194258
52.5085
67.0843
26.8022
14.5758
111.45
30.5172
6.73693
5.79022
135.538
24.1921
40.104
0
42.5334
45.0733
21.4384
2.28965
64.3467
17.3222
12.2223
36.8634
1.87375
31.5928
43.6385
32.2894
0.471228
24.955
50.1428
64.2163
3.73021
35.0896
1.8518
41.2384
42.9374
73.0819
76.0398
38.5376
30.1444
2.95795
73.8939
5.17821
9.01806
28.5372
78.5185
39.1746
12.5543
11.7124
75.9449
1.12172
73.1817
116.474
28.1716
32.2828
8.97776
62.9222
12.9727
89.4883
82.2778
142.572
61.5852
65.1569
11.5709
111.864
0
90.6276
25.5582
2.58099
40.8916
45.6027
13.5659
0.804468
6.22921
31.2036
47.5295
56.5524
34.1051
14.3116
82.1174
9.94236
31.4225
38.8403
38.6264
42.48
123.985
50.2726
38.1196
51.0232
71.5993
28.8016
0.504452
0.424347
53.4834
0.000256642
14.4816
0.108537
63.7992
0
54.7379
92.6382
102.242
12.7066
37.9002
47.5044
66.4193
18.9149
128.058
29.0315
91.4754
72.8391
0.530581
88.2123
102.378
14.26
0.638899
0.451244
74.1776
74.191
80.2753
26.0517
33.1406
99.493
1.7251
18.0372
13.6487
20.1436
31.6033
38.5076
32.4001
6.68357
0.73805
102.766
140.474
152.042
72.3755
11.6825
69.5367
655.011
121.137
265.37
79.8295
1.33779
223.69
29.9193
2.0719
9.13451
58.3383
7.20028
3.09129
0.141851
284.573
237.418
77.1156
18.9606
2.11367
5.5839
153.174
142.85
0.427702
0.652905
0.550525
126.301
148.066
153.636
159.699
149.122
1.79263
9.84094
4.81245
99.9643
108.499
60.4311
50.6993
28.9497
19.909
95.8289
96.95
98.5571
0
17.7603
84.6915
0.000121297
4.4924
40.494
70.7416
2.68039
1.3395
119.183
0.565676
0.898604
4.94872
51.3243
66.1511
93.618
38.3168
13.0898
8.1862
30.5445
74.7977
51.8993
27.0632
76.4156
162.901
36.4388
54.4847
34.9625
60.7275
80.7473
0
2.28281
73.1088
13.7295
76.1185
82.663
50.7534
148.839
155.383
110.638
27.2955
150.078
16.6065
1.86487
88.411
32.9729
41.9986
1.77742
7.26402
1.16754
55.9285
122.091
16.5319
22.3335
54.4452
6.93581
45.2568
20.6822
98.0239
40.1834
0.595104
91.1797
103.877
64.9479
42.9305
11.3045
108.934
88.3307
70.0302
15.0579
0.844485
20.3071
84.7596
40.7426
35.5924
13.4206
88.5488
23.8768
3.45833
16.1278
85.7973
27.296
49.6447
0.139117
35.0027
10.944
57.8435
53.8079
54.8272
3.87504
39.414
27.9943
89.9037
34.1591
27.2576
168.497
5.20049
0.366807
154.847
71.2272
66.1056
1.24046
89.2863
98.8969
89.4443
9.51156
107.805
30.7243
62.977
11.1227
0
44.0029
62.5413
98.392
20.1024
0
6.12378
95.7208
100.535
55.7416
3.97717
53.6271
10.425
30.4736
25.4218
83.3755
48.6954
20.8801
1.2573
52.0583
63.532
37.4978
3.40264
93.9576
0.890199
14.9749
20.2688
43.6945
3.40081
28.9413
29.8952
32.4308
4.07162
43.2909
44.2449
46.7804
41.1865
19.7575
39.3768
96.715
4.68811
5.3089
51.7316
1.02984
46.9684
73.1024
4.54522
25.7732
4.3005
0.234287
42.7742
2.01917
46.6046
77.1067
108.823
0.201788
87.5152
68.3099
16.5681
17.01
27.5603
82.4199
49.0616
37.8667
14.0123
15.2962
8.66338
37.9841
1.20487
5.49913
42.7594
48.6034
2.5875
9.17385
42.2815
41.7404
58.1674
93.8678
41.3064
39.0936
26.4205
18.5263
0
7.72049
35.1488
2.14111
33.0082
57.6084
4.80454
41.2889
50.604
96.3369
97.0824
86.8491
47.4465
0.968165
67.4771
68.5421
8.7741
38.8515
20.0065
21.3137
59.6108
35.2571
0.846082
88.4722
37.2932
99.1968
115.955
41.9358
2.73374
134.094
0.343624
0.0482679
75.3267
3.66217
74.9883
54.3571
264.774
267.155
83.5084
0.509121
82.4718
131.257
149.274
78.7073
19.0599
84.4992
35.9872
56.2746
57.7278
106.704
33.4546
6.48451
0.473431
62.5323
19.9579
27.8379
58.3737
30.9781
29.1713
83.006
3.50789
62.181
90.5047
95.1021
14.0335
50.0178
54.6152
53.0821
20.161
29.9082
0.0298742
0
42.2633
8.06946
6.28798
40.0516
141.208
11.358
7.26081
35.5813
1.53478
21.7728
67.4639
37.3454
14.9442
22.7997
72.6987
121.195
129.808
62.9024
120.478
9.44649
0.306914
0.344665
50.7607
51.0176
48.2381
0.655905
57.9229
0.0288072
114.169
0.342236
71.0044
97.51
74.4126
19.2561
1.34883
33.1221
33.2782
31.7359
7.46656
47.4525
1.32095
1.19259
24.6424
17.7302
11.7354
95.7096
109.765
116.85
9.79987
108.302
122.357
129.441
3.33572
75.4616
86.9966
92.8326
79.4703
24.2266
47.158
23.8127
49.3031
24.8532
63.5815
74.9125
10.8287
122.982
0.56178
2.22746
34.3967
60.7102
31.9475
32.4454
41.6506
16.8001
9.33454
4.29678
76.8635
0.732017
12.4839
42.452
7.26336
15.1302
21.065
55.6741
0.217427
87.8206
113.042
91.8756
16.4382
62.3067
16.6369
45.8684
64.609
0.247341
24.9834
0
63.7272
76.5177
0.0386415
1.08324
58.0318
0.0468024
80.8447
85.5293
1.13736
86.9086
91.5932
50.381
0
39.5468
39.3371
89.9278
48.374
94.5113
32.6558
55.1101
41.5809
14.0575
8.10033
3.90862
8.65075
5.76935
3.70528
0.463457
53.1445
1.0886
47.8243
41.5823
72.6389
89.4373
91.9872
48.9087
9.05958
14.836
25.0776
48.7903
63.6717
73.9133
43.1703
0.654287
18.8169
12.316
61.9872
117.928
19.7987
2.28306
9.01407
83.3155
85.983
83.5772
2.41082
77.9997
1.18904
33.5899
1.65759
0.792851
109.008
44.9601
45.6178
78.8305
23.0091
7.49934
39.3521
56.5294
73.2665
60.267
13.3795
27.2034
71.6359
2.75823
0.456709
77.1879
1.54522
0.0879156
110.918
31.8244
50.2617
60.5635
161.18
68.57
1.54041
27.0475
38.3176
1.61806
85.5544
96.8245
25.2762
4.54738
0.334002
110.412
111.94
36.356
44.8943
49.1249
45.6577
3.46716
75.9313
0.322287
21.6378
44.8785
2.9708
30.8434
100.571
11.8223
13.8758
2.05601
59.2378
87.1048
99.5237
104.643
30.1333
26.2168
43.755
69.3044
23.8992
5.3581
32.8516
50.565
32.8516
17.7134
65.0976
77.4522
1.77691
4.77132
0.835916
32.9348
58.4649
80.3441
83.1893
12.8537
22.7679
44.647
47.4923
97.3683
2.38953
0.453692
60.0046
27.4015
91.2313
28.1536
63.6304
39.2966
0.388672
0
35.777
57.7598
4.77065
1.0283
2.29038
49.8419
72.0075
84.2729
15.6703
0.568485
55.5929
26.493
80.3668
21.4379
0.0171805
8.83977
1.32346
2.05509
154.015
160.792
187.764
162.506
14.0539
0.00435778
69.432
110.243
23.4904
40.8107
57.5593
0.793687
0.550856
25.7739
26.6482
1.30471
37.8042
2.32312
36.4376
90.3024
14.1739
0
37.3566
31.433
211.724
1.30757
2.26231
206.493
3.56988
5.26059
51.5668
60.7427
76.6072
29.0301
8.34283
68.7766
34.837
0.95677
53.2017
70.8637
43.7437
0.682078
1.35865
63.5509
81.5688
87.5609
87.9486
67.3038
0
6.37981
75.0028
0.349329
1.69521
99.9259
16.791
114.193
52.5699
70.5844
43.3987
45.818
10.0124
90.9437
99.8493
98.4457
8.90556
27.5419
37.7404
5.68555
37.3222
82.2586
9.85131
31.1703
29.3852
2.65956
0
30.0738
83.0386
4.03652
1.70724
1.40752
0.429157
22.5221
52.5448
35.6903
2.07238
119.376
41.8825
0.958994
66.3176
17.0772
19.4212
33.1214
22.1793
11.027
114.983
3.35748
16.241
26.5992
29.66
49.1417
27.8447
14.4257
48.3366
2.06669
85.2541
88.1901
89.422
89.9197
41.1089
6.00763
4.27798
11.7431
50.2206
55.9656
52.5625
4.75115
15.6978
77.1859
77.2222
82.0175
0
35.303
2.97899
42.3833
56.9242
49.686
4.09216
64.6845
0.829711
75.4114
83.6381
87.2064
98.5655
63.8915
15.5915
0.664109
95.49
0
0.150701
16.4491
30.3953
35.7724
39.409
30.5116
5.29781
83.556
71.4936
0.705161
86.0072
28.8047
0.693842
24.1945
21.3618
52.1307
19.1499
65.2819
187.247
0
21.6708
22.0876
54.3786
208.918
209.335
0.857055
58.2413
78.2246
49.4683
14.1123
21.9587
22.1785
95.3751
99.1293
40.4292
29.45
32.0534
156.24
28.4274
6.33254
22.0317
126.502
167.566
177.885
43.3154
20.4677
31.6535
24.8144
0.0227954
63.321
23.551
87.9557
74.3638
2.13733
135.136
133.542
148.518
76.5077
0
90.7074
15.1553
6.78653
16.5671
143.568
241.112
181.552
3.73547
131.321
15.8435
12.3579
0.761557
59.8052
34.0048
20.9878
3.52297
64.0161
1.55263
14.8676
0.570275
37.6958
34.2645
11.8498
1.65493
63.1881
64.7851
74.7755
97.4223
26.6639
15.0765
63.4903
5.59033
8.30783
145.641
39.574
42.276
54.1923
19.1545
3.77265
42.7182
115.588
17.0658
88.3666
46.201
16.5124
0.169326
26.5394
51.9082
0.555133
34.8962
60.2649
28.0488
11.0677
30.6989
81.8021
13.4884
0
17.3848
16.4197
11.3312
13.2573
28.4737
62.2954
0.728031
66.3459
74.2708
35.3608
52.0318
59.9567
95.6258
38.8276
117.101
42.0253
26.6575
11.812
209.871
85.1135
0
96.3109
1.88757
10.3514
58.0811
70.8783
1.8697
46.8129
59.6101
55.9798
4.5471
101.784
21.9455
80.9451
96.479
87.9775
1.60169
0.149907
28.5735
63.8701
69.0701
69.6449
5.47074
35.2966
40.4965
41.0714
50.2194
9.72283
70.7279
17.2828
14.6709
0.34285
2.18191
37.4615
52.1095
6.17374
14.752
41.0848
142.057
9.37945
44.3273
119.253
185.534
111.47
26.9592
0
48.0818
56.083
2.18123
75.0411
83.0422
61.734
84.0211
148.095
85.9994
62.683
40.4741
7.44351
18.6011
1.06254
196.382
283.023
205.422
0.277288
2.02645
64.8529
69.6749
61.527
4.57681
26.4265
0
50.3986
52.4284
75.3811
45.9394
23.8065
110.431
19.5471
40.0745
26.4962
0.11611
21.1371
54.8142
87.8739
30.3273
32.5786
0.291686
2.91443
212.957
62.1781
83.7879
80.8187
0
0.00814416
155.388
8.40142
0.466864
161.172
1.9094
1.23299
34.5548
0.000380116
15.6945
143.864
0
7.56224
0.232042
90.9819
10.9385
25.2122
41.4433
5.57529
36.1991
46.6422
76.6781
48.0055
58.4275
67.6218
11.3158
73.9323
33.7653
40.9269
58.284
20.1471
196.728
21.1165
9.98681
24.2364
179.216
29.3905
44.5722
0
0.953895
64.7629
0.00951076
0.715364
2.09912
48.3307
64.4837
79.9044
81.151
16.8921
14.5429
31.2102
59.131
26.3107
77.3527
77.982
37.5521
60.3036
65.2048
15.5548
52.291
54.0815
1.20494
1.75707
17.5627
41.0123
51.7786
62.2719
0
84.1156
5.86421
3.69712
103.409
13.6948
0.0183485
2.61108
61.7809
67.5207
56.8829
2.15848
1.71136
41.4495
47.7161
30.7775
6.26654
116.678
31.2547
31.6291
0.0667551
81.4397
65.98
29.7909
155.336
0.000158494
0.26638
1.21391
114.695
81.531
14.9585
93.3447
27.1409
27.9121
10.5667
1.2823
21.5792
310.519
22.5879
18.8692
121.496
3.60814
118.738
69.9625
1.98143
55.6007
28.2531
81.6415
9.71865
53.694
59.8297
4.83281
23.2766
38.5299
157.252
160.195
30.7618
0.000165043
1.27888
229.483
0.213027
1.3023
88.3503
1.2112
24.6911
22.5071
48.6428
70.3591
73.4616
52.2449
36.4058
29.755
0.461001
10.4239
26.6773
65.0903
21.975
8.60772
32.8851
13.7173
19.3355
48.4019
170.384
22.3003
8.18188
124.431
200.146
59.2567
0.232679
146.441
71.4889
10.5457
95.6505
2.93612
0.143186
18.3912
174.46
174.973
174.986
0
18.7619
40.8712
41.4244
65.1137
35.1994
10.9633
76.6908
12.7095
28.1322
36.1209
51.5759
1.80223
1.61014
26.3815
0.439801
36.9431
4.20253
36.6883
77.534
8.3618
0
59.2974
104.719
149.214
0.486272
0.227613
148.854
51.7431
3.68321
34.3773
23.8987
51.9619
119.805
40.7981
52.0657
22.3472
171.391
87.7461
30.7641
10.1491
45.9118
91.9844
13.8164
15.7994
34.5196
93.106
0.254771
59.2179
90.6723
0.935851
40.1127
150.218
124.944
0.335903
377.061
400.819
215.456
27.5131
16.8002
92.9245
1.58283
1.03959
56.1491
71.9566
25.2178
119.883
0.783723
86.0546
0.205146
148.243
0.716278
93.1571
109.327
42.0725
16.1699
27.5631
33.9548
105.685
170.113
52.1872
0.565308
126.974
143.348
148.027
159.597
167.907
120.61
16.7908
0.541775
1.12633
55.5161
78.5285
103.317
115.826
126.529
126.956
55.9449
22.5836
59.8809
70.5842
71.0108
43.0789
0.0714399
0.439999
52.1403
36.5121
39.7763
35.7702
120.728
32.6685
2.53441
59.1973
110.846
2.37099
2.93473
30.5938
3.08217
0.0855366
116.544
44.2594
1.27518
62.5137
45.0536
10.2275
46.0199
5.71175
31.2211
9.3313
49.2557
70.6867
75.5574
78.2281
72.8822
4.10491
15.3452
0.941825
94.3467
71.7956
24.6811
47.7416
3.39029
79.2344
37.1654
117.438
29.4265
54.1916
9.19674
182.028
1.63306
45.5651
52.5803
80.988
9.71832
46.7507
53.766
82.1736
102.625
49.1583
69.5096
7.5944
68.4606
55.1737
31.0578
1.13047
21.542
94.4684
13.0429
10.2353
262.739
64.1916
35.6057
268.579
6.88214
77.8458
101.665
7.01996
2.37647
59.9618
47.3194
13.9378
117.441
154.012
157.357
78.0128
3.34437
65.941
32.7232
158.175
76.1019
80.8503
31.648
46.9299
76.3039
104.715
22.8014
0.893917
18.7595
0.793558
25.8036
1.16641
59.023
67.7587
5.06808
1.03318
50.3523
118.365
9.135e-05
1.24568
4.96431
8.2399
29.1322
12.6302
18.1527
44.2238
0.652836
62.0609
68.6858
78.6079
29.9781
17.8755
69.2482
0.254652
0.332783
138.295
45.8071
0.000431375
52.1965
63.0604
78.998
1.55269
0.488089
72.6416
6.36971
1.12274
35.95
7.07893
47.3441
35.0134
82.6394
54.4836
64.2791
12.0245
12.7914
5.45128
76.7471
0.207848
110.426
27.9114
40.5763
93.1044
3.98917
0.720638
37.083
241.826
40.0941
48.4962
12.1551
47.9997
62.0805
62.0805
0
46.6402
89.4898
26.3955
0.996742
36.6996
0
77.748
82.0316
46.4677
16.106
59.3882
45.6026
49.0725
63.1581
62.4474
12.1572
53.7969
0.658896
0.132192
63.0233
0
0.500004
113.063
31.4373
73.2288
1.50046
127.224
9.2501
33.9154
107.268
41.9893
125.782
114.745
61.144
19.5614
29.0298
14.9735
81.9386
45.327
37.0665
37.4024
91.4016
0.136912
21.6237
19.9996
2.29504
21.4659
12.1629
12.1534
56.2303
0.792993
72.0909
88.6515
110.911
67.099
15.3635
58.0196
2.07724
1.93807
24.4004
51.7234
53.8114
71.4959
77.738
21.3807
0.510735
22.8395
13.8518
3.21149
6.33206
7.18167
29.0207
40.102
0.584268
123.346
125.248
141.808
141.97
73.7143
1.9024
18.6242
32.8889
14.2646
33.4785
47.2393
