55.4008
11.2643
1.56568
80.5417
54.0779
13.8196
4.34503
53.9405
27.4931
31.9564
49.0511
22.4072
42.4846
6.89097
11.0157
37.3631
1.60032
15.1084
22.2316
21.3088
32.5531
16.9844
57.2969
0.0623483
55.3204
72.6583
44.0342
1.96385
27.1679
28.8997
11.9718
0
16.0013
6.64628
36.4495
7.97191
29.2733
52.3138
32.4425
16.0593
14.2023
77.0601
10.9672
74.0408
61.2703
21.6778
3.65695
28.3777
61.036
0.410942
50.182
36.9844
22.2718
42.6791
41.6252
29.0719
105.869
2.55441
3.66636
0.766166
13.3066
1.80491
38.9513
4.4549
27.0642
35.4408
36.214
0.0582263
19.0569
19.8301
18.7848
2.67509
13.4715
16.042
16.9872
0.198973
21.98
43.6919
5.42172
0.828738
23.8056
48.5962
3.75457
9.51142
7.2678
20.1729
73.6442
36.0649
36.0904
0
15.2085
0.000129666
75.4344
85.998
98.3121
0.583481
13.0795
25.3936
52.0591
29.1814
30.3746
11.5618
0.24799
57.159
0.0835316
61.9942
55.5303
0.722387
2.80317
1.53122
23.5132
79.2838
31.7484
0
21.2224
0.236308
49.6807
24.644
95.0538
0.00998336
5.06817
32.6708
0.0289125
0.0583275
37.5676
1.65219
0
3.97895
1.18455
22.4963
1.45038
22.4529
37.009
63.9629
91.8898
71.5637
25.2984
36.8207
25.1275
68.3316
14.5709
50.5661
94.4622
56.3719
37.1335
229.633
23.6674
8.01156
197.277
75.1045
0.16725
73.3973
78.7559
78.8382
80.7485
30.6869
18.2142
16.2216
28.1345
2.54506
251.414
26.8676
1.01048
10.711
11.1205
14.0162
1.07153
25.4552
25.8647
28.7605
11.5831
8.95973
15.2705
3.78983
10.2349
46.4597
6.85063
46.0433
67.1124
36.7063
10.6071
0
3.85797
71.0719
8.57884
11.3118
81.578
25.3101
2.04776
62.3678
4.98508
64.2956
9.66606
13.1992
16.593
3.2971
23.0694
75.2717
8.36364
2.82006
25.0002
21.7296
16.7553
8.1135
1.96228
88.4316
94.0913
134.776
34.095
0
30.4761
16.783
19.2056
8.44026
35.8726
38.1992
13.0045
6.56717
20.2034
121.245
4.2987
21.4688
42.1724
48.9079
14.7173
59.4319
25.1845
0.0480722
11.163
2.04754
24.8122
28.532
22.5823
1.57771
28.7972
29.5139
1.10475
21.3587
45.2216
2.02405
22.7757
19.197
0
35.6952
38.9218
0
17.5742
34.1312
52.1898
2.59947
0.112647
0.581435
8.24011
14.6975
0.899305
15.2345
14.6975
29.9319
21.1045
0.774666
31.2592
13.32
0.350673
0.50312
12.1478
10.1003
13.1028
47.6162
0
27.6067
0.00869704
42.0036
50.8816
40.2313
2.04957
2.87395
39.0269
15.9194
3.8334
1.22357
22.6567
48.0176
15.9166
22.9814
40.202
10.2935
41.288
11.3259
0
30.5536
32.9426
34.3717
96.9335
21.2123
2.2049
19.8492
24.9126
43.5371
5.02925
0.774816
33.2995
0.963302
68.9184
6.22301
0.336402
22.7958
17.8016
46.1221
0.0488391
15.2856
19.0127
6.81122
3.72711
14.7238
17.4036
48.9393
29.9261
6.16814
36.5787
7.43786
2.70467
47.3938
55.7781
35.1101
8.38427
4.60839
0
15.738
30.2962
8.06652
5.36547
10.2502
2.44305
24.4819
27.4087
16.9355
5.50259
32.185
0.981847
51.8902
45.1826
9.75765
39.1904
2.84982
7.86505
37.6073
11.3645
0.222273
151.833
0.0557728
37.32
25.1944
35.4963
54.399
0.30716
1.67688
0.565593
60.1295
3.55111
2.93554
69.9662
83.941
91.9752
28.687
4.83203
42.0688
118.171
28.1111
0.143432
87.9305
0.0977074
118.308
38.5942
18.5952
14.4536
3.8225
39.2797
2.48788
0.14824
40.4868
43.0896
53.2924
3.07915
0.401002
208.684
1.24962
1.2892
0.38753
19.0392
24.7006
23.6077
0.118663
88.8218
13.6413
85.8994
98.6172
31.6666
8.50059
41.5019
15.0168
2.59026
147.194
11.4552
23.7639
92.639
32.8654
20.1333
12.8079
69.6122
50.6207
0.215428
36.1121
65.5065
1.33083
0.623931
0.193254
30.4849
26.5853
22.66
30.2398
14.612
0
23.4029
79.1775
18.5179
12.5736
13.5391
10.0671
80.4704
113.452
44.1115
5.62488
29.9341
22.03
37.5126
2.25229
2.72677
2.41632
39.5509
40.3171
41.5429
0.662002
27.0393
52.8746
6.6219
18.8526
62.0706
1.68621
4.60478
16.679
1.29023
5.57518
17.8153
1.73325
26.7333
58.9469
67.0992
14.2008
41.2433
12.2868
10.4768
4.08249
17.2591
39.8945
55.6085
40.2847
0.18638
115.734
2.06427
32.6482
40.2934
41.4453
0.247125
0.204714
16.7583
20.4072
33.7935
84.6713
97.9253
1.09791
74.3877
103.254
32.3205
63.2057
16.2954
34.9214
36.2032
26.7778
7.18108
9.04329
42.8201
3.7695
31.1317
29.8526
15.9538
0.973576
95.0153
107.39
137.399
144.551
146.068
146.142
2.69923
37.1077
67.1169
74.2689
75.786
75.86
44.6959
0.391062
2.51343
94.6243
1.00975
1.64292
38.6951
10.3077
1.84557
30.565
110.339
40.2177
8.97733
87.2279
8.79376
113.677
0.000167119
40.1224
40.1477
41.1396
42.4803
2.23811
104.235
104.26
105.252
106.593
42.7439
0.501645
14.4918
33.0957
10.723
45.051
0.450832
51.603
55.2543
66.3389
6.26636
2.2824
31.2297
19.3536
3.15781
4.65666
42.9916
4.67207
47.1717
19.4177
22.3314
20.279
1.40646
2.71465
3.16611
4.36961
17.6629
18.823
0
35.8208
0.398419
52.1402
57.1964
47.3103
2.44736
29.0549
8.48345
5.43591
21.3682
26.0313
34.4316
27.1009
8.40025
17.6494
0.091716
64.2111
42.8859
21.4824
53.4469
5.00451
12.6335
24.9552
62.1327
26.5982
28.8036
42.2587
33.8398
12.1392
37.275
49.3461
7.70182
19.9466
23.0835
20.6037
3.02074
63.5394
0.316858
8.9341
44.8101
53.5786
55.5637
7.73166
10.7486
27.4751
38.5781
41.9854
0.565228
29.3841
40.4871
43.8945
278.224
110.17
150.816
16.3512
16.8129
11.472
48.8075
36.0058
26.8822
0.929026
1.24653
38.7872
43.8395
44.7968
15.9543
3.52193
26.0007
156.363
0.230497
50.8207
22.3766
23.7951
23.796
47.0525
17.7021
1.14118
7.2301
63.7204
47.3606
0.76043
21.5744
1.68648
13.2191
15.2865
32.0415
29.3515
17.8964
10.6416
16.1873
377.184
53.2723
163.423
178.891
274.043
166.999
0.101491
26.172
70.472
70.785
30.3553
34.9693
35.2823
66.0144
21.4015
0.766055
50.5114
53.1902
28.0436
1.73676
4.63729
70.0755
89.1444
164.779
69.6598
18.3447
60.4954
23.5834
32.7045
7.58124
1.29591
10.3527
11.7455
1.8615
44.5027
37.4816
5.67152
27.1889
52.8779
38.4773
22.586
3.63706
1.5433
41.0715
0.566199
43.8376
9.81783
5.3931
7.53279
18.5458
17.8588
3.99871
0.928166
12.4066
9.24824
30.4128
0.471654
15.4675
23.6731
53.1454
7.4622
16.69
2.00798
13.3859
32.9435
12.1598
18.9619
59.5196
0
54.5081
0.863552
95.7444
72.5254
1.17116
20.1354
50.2793
18.654
22.6547
46.6075
0.0498309
24.947
12.3556
54.1131
54.1791
35.7959
41.3868
43.7876
43.2451
2.05314
10.3741
2.03782
2.97258
58.7366
24.633
5.10576
7.99375
59.4059
13.6821
55.9558
23.3879
0
27.9067
3.80436
13.1159
22.7982
27.4913
9.49455
28.4564
8.96486
89.7035
114.76
34.3346
4.04128
44.903
15.4931
18.0147
26.4709
21.3509
43.8535
0.252579
2.50761
24.6258
19.6918
65.9889
14.0332
4.84391
42.4934
8.50007
25.5649
18.8691
68.0246
56.1005
14.279
1.9783
17.351
10.5954
1.57225
0.171773
75.0248
82.6344
71.3764
4.77707
33.0327
29.2474
0.00553789
43.826
48.088
12.8004
0.83477
7.2111
40.6676
7.22847
31.5679
23.5037
0.744216
23.1975
47.8728
10.3544
28.7841
127.122
0.186371
15.4591
29.6766
6.56752
7.81651
78.0135
17.0383
1.38228
184.664
0.535573
22.488
3.53762
43.7474
66.9442
40.9422
0.618241
15.3954
9.72814
15.8363
7.77814
29.6328
52.8864
16.5538
0.132915
38.5207
23.2603
65.4245
21.9867
5.19643
26.0083
4.38321
31.0627
78.8649
19.1899
0.173658
19.3933
39.5794
43.8312
25.2569
94.1949
14.1848
10.8579
36.0313
37.5946
22.1936
20.3805
23.3502
8.31336
140.586
0
0.240141
0.0540853
57.3058
64.2302
8.74942
1.06793
34.6799
58.2821
25.4197
8.36263
0.274461
0.328654
22.7087
39.025
24.5116
6.9275
90.701
4.00165
0.327158
3.38449
61.6403
0.279158
46.7309
49.1582
53.7084
54.6551
2.86782
108.371
110.799
115.349
116.295
60.138
20.4275
14.9307
3.57287
13.8866
24.8689
41.8315
49.9549
33.1542
26.2815
71.7032
12.4309
13.8215
62.5385
3.42119
165.254
5.65176
67.9312
52.0079
231.658
90.5616
35.0932
60.0366
2.14773
29.7291
15.4851
3.44095
14.2809
92.4469
59.1899
40.6397
36.7338
1.33782
28.4341
9.50508
25.4309
59.7772
0.464165
26.2685
18.6631
3.08368
13.9394
45.2055
23.0755
20.297
6.16857
0.384878
23.2461
39.3278
23.1673
11.1208
0.181598
23.1027
9.02251
3.68402
19.1033
66.3436
71.9945
3.55191
62.7496
340.624
68.1666
50.9243
127.304
91.9882
3.27477
30.7431
43.1987
1.85817
0.591883
65.8131
75.2407
48.1763
0.302087
34.3593
4.86362
44.5733
4.50757
4.21856
11.2072
3.82453
30.2875
60.7274
0.443866
52.0613
43.9929
22.3135
48.3802
49.6064
1.8047
38.3736
59.1023
42.5242
16.2853
105.57
0.200617
11.8144
1.15022
34.4389
28.8764
7.91644
41.6051
34.3959
0
73.2921
12.5169
6.93027
101.715
0.339699
0
0.0147708
88.0221
104.824
72.1719
15.3731
39.1104
0.277911
7.02617
13.7127
1.234
0
50.8932
30.4242
23.3097
55.0454
25.1787
1.06889
43.7394
4.17712
20.147
71.3596
19.8459
21.533
18.8841
1.83062
38.4543
39.9616
23.3486
0
30.7098
72.5266
75.3545
53.9514
0
60.7865
60.8701
30.8466
23.9008
20.9712
1.74288
26.1067
1.58509
17.2265
33.0887
8.87231
44.6048
4.4463
13.3112
0.160304
4.60382
62.5424
57.5108
0.0372187
22.0157
15.5802
26.6623
0.535297
63.447
105.273
46.5958
0.282498
38.1642
25.8513
40.1738
38.7484
7.67263
0.0467625
13.4478
8.51696
0.99691
35.8492
0.833544
2.38421
21.3143
60.1939
64.4494
67.5942
64.3593
3.61655
60.0511
0.0264961
44.9437
53.9638
7.07843
44.1419
53.162
4.92117
21.2517
36.1688
37.2116
67.5006
8.56671
44.1741
86.9047
2.3113
5.95485
39.6806
54.6392
5.29863
2.84923
51.5335
64.596
12.5646
77.8649
0.90597
2.12421
1.29309
17.9244
8.70503
1.21721
25.9447
25.3525
19.4081
4.54304
2.65072
4.62012
21.1357
36.4704
52.2913
56.6004
48.9393
9.50579
10.6242
53.9743
18.5096
64.8885
34.9032
29.1406
64.3507
4.13967
37.8419
55.2604
11.4637
31.2252
36.7651
86.3038
57.0704
14.47
28.269
0.0469523
23.7349
1.18326
24.4134
38.3007
0.0406887
38.0286
28.1612
13.6615
13.6615
45.9554
16.9249
0.357238
102.038
17.2985
57.3407
145.71
27.5215
24.6691
109.079
67.7549
31.5188
6.68359
23.878
10.9989
11.472
8.05256
53.7978
57.7546
13.6562
0
22.8113
2.38055
13.6119
39.7022
0
16.1559
122.762
0.817211
18.6859
21.4881
1.45981
82.279
85.0812
35.6126
31.039
32.0316
88.852
1.86669
7.36617
1.82838
10.7823
53.4053
15.6004
5.08998
3.28865
1.76278
29.256
130.51
15.1822
19.4498
0.294531
46.8264
46.9152
37.7259
0.968754
10.8672
0.571985
0.641842
21.5898
22.9761
2.27951
20.2168
15.1585
7.3093
14.9536
3.75261
6.85155
18.6818
20.2975
0.606408
53.9266
15.9475
2.03885
0
1.58255
40.8409
27.0517
16.5207
75.6308
0
19.1772
5.18114
80.9279
23.5043
4.24214
10.4747
30.6911
36.258
8.17442
108.109
73.1171
26.2504
0
34.7119
11.0289
8.02871
30.4883
3.24062
1.98798
18.9298
38.9232
2.98856
35.3952
23.2755
11.2204
11.6679
7.30311
26.6971
41.1171
68.1615
32.0882
12.7481
43.3801
4.48173
7.9324
0.519035
41.7059
59.5517
8.61749
17.6632
17.5262
1.17546
22.2027
6.17644
0.345695
43.7325
7.15974
35.1221
9.39261
1.14823
12.0659
5.28031
11.5821
0.547899
6.00185
24.7642
19.9907
0.23552
29.2399
22.5069
0.189254
18.4159
10.1279
27.2792
11.9307
16.2066
32.8245
42.3622
47.1425
78.0165
0
30.9338
2.07546
14.0641
29.3171
42.2374
26.4321
0.721913
11.2659
4.12286
24.6313
5.40623
43.609
69.0301
43.9725
25.4211
45.7736
0.602526
87.4224
87.937
27.856
123.948
139.637
152.011
8.8286
99.3155
41.327
6.30982
1.20435
67.6657
21.1094
14.827
14.6446
2.77849
39.4208
0.222945
11.7641
0.825571
45.2084
25.7375
14.6471
0.300918
67.3006
8.88398
64.7417
82.9826
25.2224
14.3961
18.2186
27.726
2.1286
3.72563
81.4188
1.31279
4.6526
91.384
40.957
3.68226
38.9748
14.7499
22.8982
4.96824
1.7402
38.1492
30.8549
7.69894
0.309124
5.01469
63.0046
70.1
92.3471
128.839
70.2685
0
58.7393
90.3418
24.5071
0.000448195
55.1961
0
22.6571
24.577
0.597717
25.7129
1.31612
33.0269
36.3607
33.3524
35.879
22.4333
7.9862
2.99086
41.0933
1.27917
1.1144
163.105
5.48438
24.8529
33.5558
31.0511
185.991
194.694
57.6383
24.0825
30.3865
9.76092
11.9808
32.0333
35.3927
12.7474
14.1254
55.119
0.643731
135.604
16.7392
10.06
33.2611
25.8161
7.91542
0.0069682
1.0809
46.2595
30.8428
19.3966
0.961172
4.84261
17.3117
80.4118
10.7394
2.2115
0.250769
33.1999
4.29611
27.1889
0.204993
123.597
31.0329
6.66694
68.4772
16.1552
6.73472
27.3387
10.225
39.5408
0.904275
37.5208
1.51104
0.697372
5.0945
25.2869
20.6978
2.37468
2.8221
3.24132
2.3298
0
6.98393
3.46891
0.965158
0.758061
15.3969
28.6683
34.0994
25.4845
5.53379
50.3976
11.1178
0.456414
39.0639
28.048
0.518196
53.2403
79.8438
108.997
117.184
124.761
81.7427
27.8859
43.6497
31.1819
0.946495
5.46905
50.8727
23.0259
194.718
98.6821
16.9301
62.5055
39.8381
3.61509
3.31218
24.2098
68.9282
112.433
113.308
69.9027
43.0528
77.0466
10.0504
1.22592
32.9185
0.253865
30.5392
3.22685
41.0424
55.1329
19.3869
34.2054
2.05669
0.355439
39.8635
0.434207
48.5365
12.2861
41.6327
42.9402
15.4233
27.2835
28.591
26.9584
20.4801
61.0189
6.93943
12.0742
0.0867966
27.4748
10.5161
50.5995
15.9474
21.0206
10.09
40.2319
0.744348
0.348806
63.4059
31.438
6.65424
65.8034
2.0019
3.49916
27.2948
59.0574
12.6274
0.591056
40.8193
41.6226
27.8196
64.1972
0.0667611
3.39238
0.987027
34.8361
44.2086
49.4687
55.3188
60.5298
40.7506
10.3839
0.726309
38.4724
12.7787
48.9921
11.0311
0.341032
79.9351
4.25371
47.8985
10.505
58.8645
86.6986
79.9762
0
48.3748
35.2201
8.04274
10.987
17.4847
3.26375
4.38693
1.36729
4.56253
0.480778
0.40209
15.422
21.1241
29.2522
22.9314
8.42145
47.5813
19.8534
11.7354
0
15.8404
58.7659
15.091
32.9804
100.175
2.26513
72.2616
25.7301
28.4719
14.9991
50.3828
22.2812
0.15336
16.1124
0
54.628
62.6549
81.1758
41.6229
18.8685
18.4683
92.278
92.3932
26.9576
2.01786
55.2027
6.85693
31.2938
0
63.4009
69.6869
69.8682
71.6718
8.70064
2.05795
0.0730571
24.2307
16.5838
8.23118
33.5612
38.4446
34.7163
0.760529
28.5461
37.5698
9.94516
3.71976
30.2541
65.4956
1.47529
0.948611
52.8373
0.871093
43.8998
0.2624
20.7489
30.271
31.5191
9.82657
14.9964
0.677192
23.6017
27.192
42.4145
19.6634
2.90878
0.244712
49.2888
51.4019
26.4356
17.7105
25.5878
53.8039
5.82118
27.651
11.3444
37.0721
41.8715
38.0227
4.72843
0
21.6447
29.3863
39.0433
45.2878
24.9275
0.0557289
15.8458
27.6494
13.4777
14.2159
6.48179
21.906
3.56029
8.08154
15.2422
29.4783
1.03303
25.2561
157.541
5.28018
1.44997
21.9751
0.6088
24.7073
0
47.3216
57.7861
93.5316
93.9413
63.4626
42.2108
6.05558
32.2404
0
27.1284
23.5567
8.10088
4.3257
6.74094
23.7461
41.5133
41.664
0
0.638286
37.2076
39.8826
43.3926
10.736
2.48374
24.7502
16.6894
40.2418
67.2058
89.6816
8.94518
42.2258
39.9529
45.0531
11.3547
42.208
37.0288
36.5419
48.7315
6.93331
4.49455
69.5925
30.626
0.121495
65.3233
62.1703
0.617011
28.9536
105.328
1.01239
0.625009
0
33.2936
38.8111
39.6435
0.157192
13.9951
14.8275
2.80393
4.8392
25.3481
27.0945
40.5568
29.3642
1.23249
13.9762
13.25
1.61198
4.26849
29.158
65.0221
0.223904
2.67366
10.0723
0
43.0965
3.16549
35.8119
1.25863
0.0375781
26.5694
8.6816
1.74502
15.2602
2.4459
36.8174
49.992
49.6786
1.28126
15.7556
0.970016
1.01551
42.0912
2.47219
88.0657
97.4211
82.0637
7.16066
38.8648
0.000496038
47.7254
64.0727
85.7481
86.8883
47.1886
16.3473
39.1629
0.0474529
7.29212
20.8777
19.8669
1.2448
15.5719
12.0738
0.430962
46.7465
105.901
39.9642
1.31181
4.38486
41.5788
1.44599
6.99557
41.0154
4.04424
31.6478
43.7296
46.5572
2.78961
34.9642
41.8621
20.2527
1.41428
0.0279896
14.4248
16.835
6.15831
0.0421136
26.6404
13.6471
2.80801
17.6508
1.31464
65.3103
4.98595
44.3861
51.1196
1.24182
48.4992
42.3289
9.82205
30.3146
8.75196
20.1752
60.8591
66.1561
5.29701
46.0655
12.1826
0.0556519
1.68371
0.524838
17.8778
1.54849
34.1472
10.1251
37.9367
68.8019
31.3512
46.9977
11.0055
0
0.746639
46.707
10.3271
19.5338
7.28032
8.19254
89.5955
0.948394
23.4462
12.6894
115.28
128.498
146.407
146.478
131.373
1.0013
16.9786
54.0362
22.8384
84.1581
7.64654
18.179
47.5578
7.68566
22.6357
9.95264
27.3372
23.9988
19.8241
24.1495
89.8665
11.7829
8.07953
52.9634
37.0498
72.4226
20.5271
45.9153
12.5439
70.2565
9.90193
1.175
36.7752
0.925841
8.5938
0.131573
44.7248
24.9831
15.074
0.749311
7.70673
17.887
0.000331837
34.8869
16.8771
62.3306
17.6074
1.38421
25.3255
2.20822
89.7607
2.13639
0
24.2058
78.299
7.21515
3.02338
82.1581
32.1691
10.6672
128.204
65.2026
2.45485
123.314
20.4949
13.9405
0.519738
43.8843
11.1683
40.1649
42.5802
95.8406
47.4149
49.8409
84.401
0.00997401
39.8207
23.4058
38.763
6.82794
1.71795
99.7291
1.75842
17.7326
37.4575
29.4935
4.46095
55.7262
1.9735
153.517
0.823805
78.2711
105.502
38.4605
0.64846
0.31719
44.4296
53.2946
1.43424
82.3415
144.745
71.4929
4.18825
56.1348
21.3127
9.92559
2.62575
130.85
53.6728
35.4313
0
50.5975
1.46611
19.2403
36.1231
36.8611
15.2742
16.8828
17.6209
48.8307
29.0856
18.9096
57.028
1.38492
16.0376
0
56.2567
27.9801
7.96618
0.0564716
30.3258
61.9587
0
7.38016
55.0994
81.1862
85.9304
40.8995
8.83862
3.94534
30.8214
31.8992
32.2955
0.425732
26.702
27.0983
0.875496
36.6165
38.866
49.6858
25.5228
11.7225
43.5724
25.8869
33.557
52.7028
9.46231
11.0346
16.1143
4.47625
0
12.8777
85.6924
39.1854
1.80403
0.0510285
125.775
131.004
132.642
138.666
33.7978
1.18746
6.47452
59.2929
1.61248
35.0691
76.7526
4.28117
5.25651
0.310892
41.4929
56.377
57.6889
16.8623
0.546882
0.417944
5.92924
21.9953
4.29754
14.5228
31.4533
65.782
9.34553
78.9994
3.82484
71.4846
7.00259
0.387839
38.9962
25.4265
18.2626
4.76669
72.9063
48.027
58.0538
24.8483
17.2121
19.1344
12.8812
20.696
27.3583
12.0475
8.71682
6.2211
10.3539
22.2272
17.7182
42.3747
13.0289
22.5658
31.7359
31.8402
0.035805
20.6745
21.3894
36.7518
50.0884
53.1257
62.1006
57.9723
18.7677
2.39377
0.0871659
33.3118
77.6902
49.5947
0
12.11
0.813164
4.58048
49.6589
14.7547
0.234681
19.4592
36.1791
0.744506
123.912
133.04
137.691
144.035
154.431
68.6289
7.43369
18.4293
28.825
9.62874
18.9528
21.5579
19.1075
16.464
1.57421
26.7871
24.0299
50.6385
26.08
1.99341
7.69854
2.20949
37.7092
27.8504
0.427183
0.0944196
45.2627
1.81781
24.5811
37.9225
67.4192
56.5602
24.3651
0.53954
48.2229
8.97273
39.0619
76.0432
21.3035
9.48386
20.8695
11.7346
0
8.01099
0.0288391
0.155221
35.7012
13.0602
13.7418
21.6497
4.12731
12.673
18.0965
2.02919
37.0877
21.1756
5.20722
18.5187
40.7977
11.1375
22.946
30.9899
86.7626
2.89037
0.855585
76.6671
34.969
22.5178
98.1309
0.102059
41.8946
37.7468
3.86755
13.7817
89.6581
7.5516
3.45118
7.92616
14.1578
8.50132
6.23165
0.730238
10.2203
43.9517
42.4175
1.66746
30.5637
50.0861
1.74551
8.76536
36.4877
1.04095
19.4647
11.0101
35.0917
8.99805
15.7883
5.49747
26.2854
31.1543
20.3821
8.36575
1.29845
0.250168
4.2389
34.6919
45.7345
38.2623
9.25895
3.58757
9.14122
21.0767
18.8091
0
129.458
1.76197
24.8139
81.4226
14.7908
2.13175
6.90724
13.4893
7.56145
6.58205
36.8206
6.81335
18.8347
26.7305
30.2415
1.76651
9.05044
51.4188
60.9386
65.298
58.3794
8.56692
31.7167
97.379
11.9366
15.7955
53.7228
9.58788
38.2465
47.1589
15.5947
23.6271
18.011
5.9233
0.385259
53.8883
68.6848
45.9289
6.72609
38.8034
3.60134
68.0491
53.401
45.9024
37.7854
0.876212
25.474
6.4288
61.9713
72.4024
76.8102
77.5586
11.404
54.763
65.194
69.6019
70.3502
3.75641
32.7213
37.6768
24.1455
0.266106
44.5974
45.2708
33.7563
0.673424
40.0968
0.362309
14.1337
33.9566
0.133272
26.1504
45.9733
5.59471
73.6176
36.2651
8.99949
153.374
29.9369
1.3352
33.4844
195.955
17.109
11.5529
32.8666
3.22004
4.57381
45.3816
1.17471
21.5068
11.6626
28.7113
76.0505
21.9281
0
36.1149
0
74.4263
50.5779
1.98896
43.5879
36.0132
30.0026
0.344813
81.7535
39.4499
1.50588
23.4804
29.23
0.881654
5.60602
26.6091
20.9395
12.4248
11.1471
83.9121
38.1343
31.2566
0.0893981
6.43288
12.8238
17.6429
0.943599
0
0
33.9071
35.4177
19.7348
50.0793
11.728
0
77.9978
87.7163
89.9963
75.5814
1.8714
58.2581
2.84815
5.90715
0
33.537
29.3581
22.7193
25.6362
34.0472
13.1671
39.5816
56.3494
9.04414
24.3338
1.446
36.5132
39.7295
41.1389
14.7
1.57033
140.035
0.72175
26.2864
33.7115
6.90215
12.914
11.4472
2.21356
0.187661
0.803414
35.0014
76.6942
75.0498
20.5439
13.4964
16.6194
31.5853
31.688
0
32.7682
2.72233
22.9667
36.3338
28.797
0.252411
10.5066
18.4919
13.8552
0
74.8853
0
49.4116
6.24827
30.015
28.2878
8.08345
27.2701
6.52025
23.4179
4.42149
17.5748
32.2936
19.7339
42.1215
48.2552
43.1254
5.63717
4.37373
29.0412
31.5757
38.0326
5.84069
1.16214
33.4719
63.7243
44.2327
0
0.0945173
8.5007
29.3296
16.5676
0.313286
17.7453
86.9918
10.7732
7.02307
11.8883
3.31436
16.1226
22.6625
13.2763
5.94415
26.1079
11.8701
4.96216
7.19456
114.213
31.4134
57.7098
34.8905
24.3199
16.0422
0
0.190745
41.2518
5.37024
26.7674
0.227674
81.1113
104.564
75.1304
27.1426
16.761
19.543
41.0687
37.7835
0.310175
17.1294
0.604306
58.1548
58.1569
0
3.51591
20.4268
32.0329
23.085
11.4193
33.4874
1.26377
156.414
248.105
129.559
91.6916
17.5291
14.9588
18.1742
101.956
22.0787
1.97602
20.2678
31.505
59.4309
17.3034
3.23155
1.05731
75.3225
84.8646
92.5922
52.0955
8.10777
57.5732
38.8281
0.73981
32.8188
42.2023
60.8156
62.6169
2.34447
7.07478
25.6881
27.4893
56.5917
28.5949
92.2778
0.109405
19.2774
0
86.9127
1.55113
37.8372
61.6332
54.7773
28.7476
61.6651
27.4744
3.37427
13.0176
35.1239
9.38337
4.82924
26.1021
22.6446
25.6046
28.0226
0.288767
31.0829
66.1213
19.847
35.0383
11.9427
45.8771
95.1883
96.4013
0
78.8894
53.8012
1.49111
1.68327
65.3629
4.89641
3.12258
37.9097
172.273
21.3215
0
26.6644
174.988
31.1579
14.6239
54.7053
172.161
5.46542
88.7802
151.516
106.539
0
9.54532
31.3151
38.5384
25.6635
14.7851
8.07541
35.5788
4.25826
2.76303
46.3234
26.2636
0.114069
22.2827
2.01633
55.434
77.7892
75.4616
0.580558
91.2567
0
8.73095
27.7505
2.51887
15.2967
7.07838
0.0820304
11.6974
75.6632
78.3239
41.8799
0.220869
23.9697
38.2824
14.8146
17.0633
31.376
49.3812
19.4201
30.188
30.9864
38.1438
44.3101
44.5396
0.865822
0
0.968454
45.445
71.9275
76.5653
79.7898
53.4237
4.89664
2.96563
32.1653
13.0544
0.223991
21.3468
1.71219
15.4882
1.94597
10.0381
30.3919
21.7063
1.18049
48.6838
30.033
7.72669
0.641808
28.222
8.63055
18.6813
49.6418
15.4969
9.54318
0
23.1922
4.34654
4.65437
20.1817
26.5528
9.62363
13.6457
20.0169
55.4885
33.59
21.7137
13.1619
17.3184
0.220929
0.396361
1.18168
33.9901
54.4376
54.7056
0.499486
52.6153
52.8832
0.639873
18.0687
26.0226
18.4499
7.95384
24.0521
22.0796
13.0632
17.5055
22.6273
2.35777
29.6084
34.7301
81.2949
0.713475
1.29208
0.342715
16.6469
23.3327
30.2949
53.3999
12.0865
6.39806
36.4653
61.4711
24.7181
47.471
50.9456
0.860448
110.626
54.5182
0.737624
9.45036
3.44214
31.7439
24.4872
31.7237
20.5473
4.64954
8.32997
12.8574
3.59166
0.2431
46.9844
2.98707
25.6017
11.9643
47.8206
106.625
3.21121
11.5079
250.972
21.7729
0.498492
2.49006
124.774
38.1093
10.3462
6.55335
0.734472
75.7243
44.3578
13.0692
249.264
51.532
86.4605
102.832
104.746
24.1743
137.921
154.293
156.207
123.977
21.0341
58.6686
35.0287
16.7782
36.1379
34.5954
27.6825
0.542941
52.3345
64.7882
18.8881
9.78617
131.743
2.6635
0.24204
43.1294
17.8584
0
39.5479
1.84299
37.5741
54.5459
21.5687
13.0985
49.5701
0
20.6771
27.7741
37.4852
8.88635
5.8154
38.5121
17.682
19.2739
12.8495
32.1861
25.2883
23.8217
1.82528
14.4995
28.924
82.7765
23.4326
78.6721
48.8319
30.783
31.6441
18.0997
1.41141
25.0771
13.8461
57.8583
57.3484
10.8298
12.9948
6.92856
54.6791
56.1863
88.8284
36.2253
23.7266
0
57.3891
3.56359
35.3108
2.3827
1.58077
29.1677
4.18703
0.851377
3.88485
2.28939
44.5321
14.8833
33.7096
36.0509
0.976493
22.2638
12.9865
0.750888
20.0242
27.8607
8.72067
32.8521
40.6885
36.4578
0.192668
27.2755
40.3405
2.58853
19.1292
41.5012
34.2452
1.45415
17.0622
51.7108
0.354854
9.43988
1.74981
9.73277
25.5273
19.4948
3.47869
36.395
50.0253
1.56508
21.9607
21.0173
41.7415
58.0644
59.8708
79.369
0.380765
27.2932
35.9426
92.9411
1.8983
18.565
23.7617
15.1416
7.49302
11.5563
22.6066
0.405675
20.2669
78.5384
49.2541
6.41146
18.5508
91.0251
29.0116
12.6282
37.2682
1.46891
0.357939
24.5448
1.05967
0.931883
30.9369
13.8982
21.9472
106.48
0
1.04375
0
30.9337
0.207019
0.00770051
66.4367
74.2489
100.017
104.639
106.632
16.4268
1.61449
28.7756
30.7686
42.3068
4.67083
6.53588
17.2423
11.2731
11.1152
41.1149
22.7685
33.8412
79.699
1.30671
39.503
52.3818
90.8509
32.0942
66.0437
12.3376
15.5939
10.5667
1.90096
22.9594
27.2652
40.9832
28.6867
95.5693
95.6648
24.199
55.3521
26.6343
27.126
55.1323
44.0778
42.4579
24.0255
4.97655
4.04162
20.3
23.131
0.000199124
5.20608
46.1164
12.2952
51.3855
19.4119
53.3864
7.75784
2.24193
52.0455
24.9072
2.3036
13.1784
16.4745
18.5856
1.78106
44.9569
4.2515
7.97634
11.4322
0.560651
5.5855
21.1953
10.3115
15.2896
40.0152
0.00317748
44.7283
0.673477
56.8536
57.7306
38.0124
2.05931
33.1645
80.808
27.4979
21.3365
62.5522
12.0711
6.08646
44.0271
7.15078
22.0743
27.2839
46.6884
29.444
18.7399
48.8155
4.48622
85.028
88.5916
89.8088
42.2732
0.89606
25.7821
7.36101
91.1865
72.6147
5.45022
7.81202
14.4482
0.319709
19.2204
29.1615
14.0165
3.3631
8.25116
16.0256
14.7228
0
43.9794
44.2298
45.2361
1.60103
7.7293
8.73555
22.5501
21.2935
12.6695
11.5143
21.2808
34.5655
22.8098
12.5102
24.8235
0.906906
24.9926
7.07692
2.34854
1.02988
51.6517
21.4317
27.5992
32.4651
12.1572
12.8172
57.6034
0
0.914519
147.966
53.3647
16.7699
53.287
12.662
12.0832
32.3852
1.94207
2.45658
0.0357868
69.9963
26.3207
25.9243
0.513599
20.5399
18.9657
1.50226
1.13759
11.6283
1.67886
2.58633
43.6013
1.20073
0.432559
52.1266
10.7061
19.7083
20.1734
27.2095
41.3629
38.2122
23.7432
23.8208
50.5141
0.614726
21.922
0
65.6783
29.9868
49.9822
0.0289512
0.242522
12.2217
3.09283
33.9921
44.9694
87.4007
5.45151
42.3915
16.8234
0.38386
34.7917
0.381845
9.61285
44.5435
65.8595
7.48877
34.3218
55.6379
17.543
13.1268
15.748
60.6451
8.77138
31.8618
39.8468
40.6331
42.9504
12.2822
4.16206
35.7038
47.9048
30.7668
11.1337
12.9964
11.7523
9.26692
1.95127
36.328
51.2741
53.4299
52.7696
26.6266
45.01
50.904
5.43259
46.0104
44.4271
4.0121
16.3392
48.6983
16.4451
0.189217
88.7874
0
21.4751
24.9479
44.156
11.0995
5.75397
0.374902
38.9378
22.0981
11.9851
20.3043
0.453015
36.1153
6.53492
55.5848
30.2647
2.0937
4.26732
11.0821
1.38799
12.8615
28.2103
51.6053
30.192
36.1576
22.8762
2.75822
0
172.29
36.229
28.2522
103.553
34.987
92.8726
1.30087
0
7.49192
23.2622
27.5096
32.4257
33.1168
4.00509
0
90.9837
143.85
108.024
19.9955
37.0152
5.18351
6.42865
62.4139
1.73532
28.1711
3.23082
32.7573
20.133
0.0506859
17.8879
17.6718
21.3487
0.880424
15.6924
33.8889
47.1092
60.8776
33.1372
57.6735
3.06065
46.4426
51.0159
1.65615
38.145
55.9898
21.3786
0.0426574
5.23759
27.6714
44.7934
19.2958
36.1608
32.4747
23.8081
20.3665
1.74061
16.4634
36.9248
0.608157
0.128581
32.3988
6.98788
2.05984
0.0368232
2.95043
50.7479
57.1857
76.6106
79.6339
28.0447
8.34154
14.1067
53.5933
24.7073
27.4742
63.7952
75.4451
65.3372
10.6933
13.2064
32.1521
47.9094
34.4442
14.6732
37.7529
60.6218
0.048584
28.7185
13.1914
88.8047
70.5854
1.4046
42.4024
61.3024
112.988
44.9338
15.3973
26.3914
12.3886
77.2734
6.45306
0.532619
35.6034
48.3767
63.6739
44.4557
0.837375
17.3936
4.23674
16.6119
21.1727
43.1707
66.1958
43.1707
23.0251
42.6233
33.2025
5.84156
57.7339
0.638353
49.6024
26.1491
9.45773
50.6327
0.15375
3.0595
4.38295
21.7069
23.5287
43.9882
21.8627
1.8218
27.7449
25.7202
31.42
2.09531
8.1217
29.0798
37.2015
23.0343
49.2748
30.4014
10.7199
12.024
14.8626
65.4493
1.43579
3.88895
0.070816
91.4664
94.7746
72.4979
2.40476
75.8223
5.29914
0.609716
0.224241
6.24106
23.6175
27.5945
4.77502
13.5014
1.27565
19.4443
30.6037
30.6669
0
33.4253
114.478
76.6541
29.085
53.4652
59.6442
4.08369
3.4205
14.7596
24.5554
8.6
9.65373
19.4496
81.6008
25.2104
0.413143
77.3311
15.2478
79.4855
18.313
25.6073
47.6405
6.84871
0.149767
7.97995
1.47088
6.28041
2.82774
39.4383
1.82862
12.3886
21.6697
7.71169
21.5735
23.7016
16.0679
7.85018
21.4278
9.66687
6.03725
105.193
29.3675
18.8187
93.3871
46.5311
52.3045
19.8405
29.0409
22.6288
0.376922
26.7182
44.3689
24.7476
0.477259
35.9476
48.06
52.7524
1.26762
19.8987
24.5911
43.9215
27.1167
1.78005
8.43144
8.89654
32.7458
9.51603
18.9625
42.2049
23.7603
10.9862
10.0707
32.9074
39.2189
8.47986
0
0.410334
13.1563
19.1917
11.9472
1.79589
71.798
31.5524
1.31974
8.39285
84.0178
4.89178
1.8039
67.8097
29.0751
5.21095
102.881
17.1315
1.0205
6.88687
1.60041
69.0386
69.31
79.5505
38.5105
10.6513
4.7188
26.8048
47.4222
56.6674
16.3334
18.6866
27.9319
24.7097
46.7215
78.481
0
41.9997
27.8653
26.0425
7.36031
2.64289
8.37996
26.2747
51.3685
9.27904
66.7037
15.7347
14.6343
32.7686
0
0
26.2939
356.79
26.2726
6.98468
46.6513
23.4583
9.63984
2.7215
17.4153
49.1333
4.72133
2.22479
25.8114
15.1194
43.5425
32.0032
12.4816
23.9834
0.254092
39.0212
44.7327
10.219
1.28865
34.1322
14.7574
4.5108
0.489994
42.11
87.5696
93.0939
93.5154
0.421502
314.956
217.794
241.285
245.019
154.335
294.896
298.63
10.0853
5.6517
2.44461
21.1973
1.35165
25.466
39.7051
4.69313
5.98876
16.0851
1.4603
31.0816
1.4603
29.6213
85.4565
2.70275
0.631604
3.14056
36.9917
31.6317
0.297025
12.4128
0.275593
10.0852
19.54
21.1399
4.1649
0.676205
181.678
206.893
94.7856
22.7009
3.79857
0.130027
16.4162
77.7408
41.0481
3.49175
21.6188
64.6605
68.8778
23.4434
26.304
72.4802
19.5003
28.6971
99.8581
23.416
50.918
0.472625
83.8493
105.89
20.5105
19
28.8615
12.2902
60.3217
33.4578
48.0315
28.3799
27.1037
57.1342
33.6548
24.8393
5.17169
74.2756
83.7291
55.5032
9.45348
10.4218
27.0061
37.7291
28.8972
8.9521
164.091
47.8158
47.1537
58.5139
0
2.88478
17.6746
121.636
30.1705
0.461946
17.4426
90.3443
137.987
139.078
43.2799
3.34023
32.9401
23.9816
10.8841
1.05565
8.35656
19.2784
54.4872
27.4337
16.8749
58.0244
4.13794
0.234468
89.8167
82.852
36.6952
2.7415
27.6843
32.4747
70.7666
100.826
74.6929
29.8272
19.4186
10.7082
15.5406
17.7099
18.3779
1.15509
38.2923
0.421666
18.4162
0.345247
25.7677
35.2962
0.422096
52.2031
56.7196
56.989
50.0155
15.4128
138.308
21.8374
19.1084
49.5158
31.462
1.22026
1.54446
1.919
39.4454
43.9029
22.4886
0.256849
21.711
9.47939
0.475173
72.5757
91.8664
0.196315
77.7557
54.7133
0.569678
0.291783
28.6475
138.568
89.5332
0.71715
2.6691
77.6064
0.46895
0.550234
15.8719
19.8619
21.0308
24.6598
10.0957
32.2348
35.8637
21.1897
16.3918
59.1286
64.3124
67.7324
35.3571
16.7129
37.1748
20.8764
17.0539
27.2196
1.46921
19.8344
27.5214
27.7618
39.0678
19.7504
11.6862
0.139736
44.2261
32.0892
0.361629
0.503202
48.4476
26.9449
3.20492
6.81137
167.059
0.562763
1.04874
18.189
32.4423
46.5925
3.9959
147.277
45.1871
17.4781
83.4787
48.6164
1.75243
0.854515
7.085
3.34786
2.79838
109.141
73.3587
20.6323
13.6639
19.9451
3.20105
23.5307
32.4327
73.5834
26.265
16.6388
1.56708
6.47196
93.1513
111.906
32.9448
59.8826
11.36
1.5098
74.0841
79.2438
29.8736
0.457593
0.128546
0.637157
15.9622
21.3548
73.7799
10.188
1.00671
8.1141
39.1289
40.7863
1.0471
49.2645
4.05371
11.9169
4.70643
60.7217
64.1483
60.2641
102.909
70.8025
32.5794
54.541
99.0327
42.9896
28.5744
45.7102
37.576
5.35495
27.0313
11.5865
5.99496
16.5716
27.3253
12.804
24.3557
1.67579
47.2781
55.061
30.2247
5.18078
35.3479
27.6705
43.9712
32.5355
14.6174
3.55795
39.2817
10.7617
1.22745
0.383197
28.4832
53.349
57.9747
54.8605
4.67752
44.3703
11.0363
64.5826
31.1319
7.34366
11.4392
52.2904
2.77912
5.51951
111.699
19.1124
4.63548
36.2295
28.9242
0.414041
120.333
124.803
141.767
83.0611
16.9644
55.922
24.8007
68.2427
60.62
7.90592
2.49303
44.7061
27.1416
39.4188
35.8785
2.88766
0
74.8234
29.105
34.2001
0.0404936
0.122589
76.165
33.8125
74.4573
31.4315
112.346
25.9432
74.1204
109.32
183.905
43.7016
29.8013
84.2799
22.9285
51.375
17.2622
38.831
50.8842
66.2578
0
50.3979
0.773562
43.2024
32.5517
54.0633
32.6072
30.7563
13.5851
10.3654
64.8321
0.181748
8.19264
88.2872
5.2304
0.433828
56.5306
5.30665
44.9636
19.6298
28.3489
2.24863
40.1883
0
6.73307
14.7769
16.8865
30.8169
38.8608
36.0825
22.7424
3.72939
20.8821
48.9829
49.5686
0
30.9451
2.1103
10.5312
13.7188
0.000444932
7.85365
22.1285
39.6041
22.5345
0
30.4172
42.9825
59.4876
64.7599
1.48104
37.0753
44.8163
41.6223
49.8384
95.3745
36.6904
17.1276
0.817049
35.2759
204.355
79.7878
73.5121
48.3484
28.5724
8.65798
85.9916
22.0201
114.772
22.5346
92.5426
60.0031
26.2508
15.4237
7.82555
60.1525
35.8411
40.5456
1.20969
20.1014
23.1631
0.435061
43.7375
145.646
0.0019269
3.09063
5.11005e-05
36.2469
7.4589
36.9801
2.0139
22.4603
22.2244
0
5.00848
53.1022
11.9212
22.1137
29.8533
0.982885
1.27701
12.1387
17.8369
9.87805
29.8115
6.15689
37.201
27.022
8.80538
58.0158
78.5491
85.0804
5.66322
48.9341
5.89619
29.1585
20.3999
28.1556
7.49987
6.30533
73.5715
0.939931
2.5852
26.1637
75.8831
48.1251
18.5329
1.13697
15.6573
1.83235
78.8923
45.0335
8.42289
60.7455
66.8293
72.9647
1.07685
29.5661
46.8141
11.4805
8.64674
51.4073
16.106
10.5036
17.5753
26.4977
30.789
44.3233
60.9767
64.717
3.04996
63.3345
0.857835
10.0532
28.2295
71.7352
23.0551
34.6015
0
39.9466
23.4639
3.85612
22.4085
52.7605
34.5862
40.1692
36.2858
5.08856
19.6961
55.7798
0.000279223
0.438958
73.498
43.0992
22.0659
29.1983
36.2153
51.0765
3.58936
34.389
21.2541
0.676906
41.4958
4.03193
