0.391794
0.00403216
3.1086
2.66277
2.78366
0
2.99839
2.40173
0.556392
2.99933
0.57472
0.000304497
1.35266
2.28913
1.65317
2.6414
2.18489
1.45147
1.44473
0.00489013
1.39598
1.34666
1.6583
2.73444
1.66804
1.4261
2.32739
2.97169
2.21579
0.39275
2.60102
2.93087
0
1.83248
0.278215
2.97647
3.04215
0.000307208
2.64607
0.582616
2.65692
1.6075
2.25688
0.00618469
2.33267
2.9011
2.73271
2.36255
2.30588
1.40688
0.866508
2.74663
2.85847
0.0255252
2.23198
2.65884
1.67911
2.12682
0.00121901
1.33167
0.00248805
1.82124
2.20829
1.62683
1.62788
2.48553
0.846064
0.848426
0.608913
0
2.44716
0.930279
2.62769
1.32543
1.33139
2.55943
0.512627
0.000109534
2.18431
0.883916
0.130958
2.9516
0.467141
0.00208819
1.87779
2.21017
1.8154
0.0765676
0.0747624
0.000653118
1.91438
1.19459
0.000654485
2.67235
1.35677
2.14977
0.00197366
0.587395
2.81169
7.09278e-05
4.07746e-05
3.11289
0.304493
2.08121
0.310668
2.39115
0.000918805
2.87094
2.96548
0
2.86236
2.10901
0.00163404
3.07338
1.33943
2.71642
7.20064e-05
3.00608
0.00457019
0.00381678
2.73513
2.55186
0.000348635
1.48264
2.68749
0.270473
0.992806
1.31176
2.20387
2.72199
1.31577
2.24944
1.9483
2.29029
0.00171134
0.122434
1.23636
1.42161
2.42673
0.00151346
0.620682
2.34784
2.56444
2.96609
2.63827
0.160824
3.00656
0.415038
2.85415
2.88761
2.25886
0.00369071
0.00081526
0.0355256
1.04903
2.86944
1.04891
2.19631
2.37296
2.73488
0.771925
3.10431
0.771466
2.33248
0.401893
2.77244
1.44816
3.08291
0.400452
1.59018
0
2.82473
0.000135027
2.65697
3.11882
2.74179
0.000212539
2.75089
2.37387
0.0117375
0.872681
1.35016
0.00482957
2.93936
2.73261
1.13398
1.13268
0.0708757
1.03907
2.51574
2.97006
1.03801
1.9314
1.42377
2.52327
2.57216
1.78507
1.41592
2.29388
3.08097
0.0739352
1.90091
1.42607
0.0601225
1.20984
0.770446
1.53384
0.0426037
0.771076
2.8778
3.03473
0.772264
2.2645
2.5901
0.0012399
2.137
0.824743
0.000765828
1.0321
1.92964
2.62293
1.88048
2.06595
0.469774
2.95765
0.332682
2.39497
0.30565
2.47641
0.000337552
1.16491
2.51642
2.16465
2.60181
2.09627
0.000902477
2.58767
2.44019
0.357809
2.22144
2.81443
1.29114
2.83334
2.69965
0.000790121
1.44599
2.55223
2.97878
2.99827
1.10674
2.97732
2.61918
2.9418
2.15116
1.29206
1.3023
0.0146056
2.48612
1.60354
1.72694
0.00508304
2.72393
0.409736
2.4653
1.85932
1.96273
1.69275
1.14452
0.725729
1.70667
0.0801768
2.90897
0.510913
0.510141
0.726486
2.91054
3.01719
2.64687e-06
1.88565
1.40351
2.74577
5.50213e-05
0.00101091
0.184653
0.000293052
2.59923
0.827771
2.74923
0.00040142
2.01654
6.68277e-05
0.964867
0.405255
0.000694432
2.96504
0.277264
1.53457
1.6231
0.000126158
2.85143
2.89226
2.03369
0.00127298
2.73891
1.37521
1.49239
2.60776
1.92728
2.912
0.139751
3.00326
1.06875
0.858177
0.0932761
3.02871
0.00277107
0.000333922
2.99375
1.21363
2.81219
2.19793
2.82626
0.824692
0.00100945
1.88694
2.16498
2.69998
1.26735
1.26632
1.41035
2.58998
0.836103
0.835494
3.10985
0.00437087
0.000466219
3.05457
1.23323
1.12528
1.23325
2.35851
2.29496
0.317159
1.13209
1.28045
2.85792
1.36195
1.33302
0.00446152
2.9048
2.24126
0.000320775
2.6897
0.0372636
0.0931491
0.781394
2.64905
2.83544
0.00153133
3.03819
2.56234
2.7875
1.67074
0.462696
1.43549
3.11511
1.53876
1.58876
1.58277
0.00425994
0.904916
2.61582
3.12984
2.82064
0.000486751
6.47407e-05
2.95243
0.666939
3.00571
0.000637139
2.38401
2.45683e-05
0.00263636
1.75194
2.77556e-16
1.42752
1.87295
2.9847
2.48673
0.00532711
3.12726
0.134435
0.616227
1.47499
2.22045e-16
1.96217
0.613521
3.01567
1.4457
0.487549
0.00445802
0.493162
0.00197462
0.000253941
2.3064
3.10979
0.000427229
1.83051
0.0590023
2.84964
1.68313
0.588347
1.68498
1.09617
2.57893
0.000232541
0.000167611
1.96257
2.39274
3.03503
0.0161392
2.57425
1.40567
2.96879
3.13123
0.00519014
2.04166
2.3328
2.51597
1.42507
0.684922
0.29159
0.317255
2.74527
0.391728
2.98727
0.391739
2.59553
1.50468
0.00191528
3.08273
2.64532
2.59591
0.189796
2.06208e-08
1.63208
0.956013
1.82828
0.0123212
1.82355
2.62835
0.907694
1.26833
0.908748
0.360532
0
2.5341
2.54939
1.61089
1.30276
2.17141
2.53802
1.02525
1.01775
4.09036e-05
0.262807
2.95462
3.04318
2.69269
2.99687
2.99618
0.85392
0.854839
1.59428
0.0904265
2.08935
2.84797
0.0121739
2.97108
2.5432
2.61959
2.81764
2.03736
0.0172501
0.00168694
1.46827
0.00316936
2.97096
2.43782
0.0132127
0.00284285
3.12389
0.610722
2.62906
0.899379
0.610519
3.0434
3.10501
0.937106
0.00601062
3.39015e-05
1.49677
1.60131
1.60526
3.09263
2.62733
3.05391
1.03968
0.756498
1.05583
1.8099
2.97188
1.19716
2.70027
3.04089
0.576923
0.580439
2.97621
1.41732
1.34134
1.34134
0
1.56097
3.04907
0.188427
2.7247
1.31135
0.692166
0.190659
2.54281
0.510279
0.272375
3.11397
2.65191
2.86104
0.967227
3.10043
0.0024022
2.76585
0.323449
2.66919
0.000635899
1.05761
0.00512699
3.03854
2.90665
2.18626
0.398991
0.00156175
2.70449
0.000920605
1.93464
1.46428
0.0159292
2.37108
0
0.00190035
2.90465
1.12383
2.95852
2.52599
1.49618
0.00181081
2.75281
1.99663
0.0689278
2.75085e-05
0.524924
2.33023
0.819698
0.228025
1.60589
1.17177
2.7779
0.000849259
0.00118261
3.04309
0.00178702
1.38553
0.000182953
2.17684
2.64351
0.766774
2.88725
0.76694
2.1203
2.55384
2.59586
0.267165
1.20621
2.9933
2.28642
0.000202173
0.398973
0.0221233
2.43204
0.108011
0.00232146
2.95532
0.436128
0.000240346
2.85144
1.73299
0.000598864
1.1894
2.35345
1.86156
2.74295
2.73397
1.90583
0.00149499
0.000138477
0.669043
2.24887
2.10348
2.91791
2.99579
1.3396
1.36247
0.745615
0.745615
2.10808
0.000731705
1.7028
1.00671
2.83512
1.82815
0.0330372
0.224205
1.26041
2.68969
1.2598
2.31346
2.27196
2.51768
1.74816
4.44089e-16
2.23798
2.39742
0.753781
3.11322
0.718787
1.86864
1.23276
2.96783
0.00296133
0.248608
0.00702655
1.7349
2.62179
0.000352146
0.00283145
0.773709
0.000974236
3.09208
2.30965
3.09994
0.000532327
0
0.816761
0.782087
2.07858
2.82133
0.000646304
1.08012
2.72301
2.24506
2.81105
2.48005
0.963853
2.96637
2.72275
2.95624
0.35744
0.354775
1.73163
2.27065
6.98269e-05
1.68476
0.36015
0.836943
2.30519
1.50819
1.25685
1.99639
1.25567
0.739899
1.40334
0.431761
1.06216
0.0197778
2.2267
1.61441
0.0766009
1.19999
0.00171835
2.72024
2.70429
2.36264
3.0124
0.00032575
0.000506826
1.32794
2.87949
2.22314
2.94717
2.50951
1.56668
2.09925
2.8634
0.0229654
0.0581281
2.03691
0.0129156
2.07831
1.86003
0.581185
3.54875e-05
1.17515
0.956872
0.321972
0.852274
2.34408
0.000267218
2.00591
2.34466
2.82901
2.15088
1.79787
0.111112
3.01471
2.82094
2.72776
0.638227
1.67334
0.651021
1.02232
0.9275
5.73319e-05
1.78278
2.52558
2.78736
0.902993
2.62514
2.85154
0.00306739
2.31896
0.994015
0.0145807
1.96581
2.65633
0.155444
2.96058
3.10454
0.00108147
0.648305
2.08405
2.33417
2.73335
1.73701
8.29722e-06
3.03855
0
1.32374
2.96041
2.62675
1.63364
2.63642
2.80126
0.000920168
2.44475
0.000920168
2.44567
2.77879
2.48177
0.302397
2.47127
3.0424
0.300459
2.17131
3.12584
0.594123
2.20258
0.000775567
0.000194535
0.00202955
2.35292
1.91555
1.82096
0.000323498
2.26677
0.00280016
0.00943256
0.884397
3.11166
2.26778
1.7836
3.03155
3.13236
2.66666
0.132081
2.80031
3.11328
0.093121
2.26415
0.9345
1.64787
1.97989
2.4145
0.00124539
1.94053
1.44725
1.11441
1.36078
0.0910074
2.73578
2.41948
1.35938
2.47134
1.26593
2.19047
1.06254
2.22106
1.66888
2.55389
0.185814
1.38025
3.08714
2.11466
1.95997
0.778231
2.81676
0.000369203
1.898
1.09888
2.0384
0.0739595
0.654422
1.90416
0.00216563
2.22997
1.67343
2.65792
0.280368
2.22826
0.27643
1.94728
2.91384
1.36821
2.18162
0.00503595
0.000501784
2.22929
0.487597
2.62277
1.69814
1.3732
1.39978e-05
2.96953
2.85732
6.82778e-05
0.001146
0.000648446
2.69007
2.68262
1.26101
1.26346
0
2.95136
3.08095
0.452126
0.755693
2.87704
1.64564
2.95766
2.24977
2.88695
1.43366
1.56431
3.13388
2.56379
0.000778256
9.57709e-05
2.92193
0.0462679
0
0.240374
2.85287
2.99771
2.52257
3.06828
3.06517
2.64807
0
0
1.69427
2.15289
1.5937
2.75789
1.68964
1.61876
0.938046
2.48728
2.93208
2.23663
1.23772
0.151991
0.000971739
2.01421
0.842595
1.73694
1.08336
2.72761
0.000833721
0.00147141
2.1171
2.72018
0.409199
0.409444
2.30082
0.00194889
2.30884
2.11671
2.9145
3.07129
2.30149
2.30866
0.00556714
0.000711748
3.02303
0.0106465
0.00180479
0.00335578
3.05692
0.00589561
0.0443855
2.37673
0.813619
0.733538
0.0119677
2.65763
2.45664
0.476606
2.94383
0.012121
2.95276
0.0959214
2.63988
3.00688
2.94806
8.93979e-05
0.000668547
3.07215
0.661292
0.000363131
0.00286679
2.58073
1.76737
1.77505
1.68997
0.000418141
0.00616137
0.104015
1.32351e-05
2.41277
0.506849
2.58193
1.42101
2.96982
1.42099
1.55151
2.8433
2.9626
1.31644
9.73869e-06
1.60917
0.244882
2.19325
2.62843
1.09766
0.936336
0.000368141
0.303009
1.92419
2.49661
0.633328
2.86052
1.5043
2.90927
2.19128
2.38094
1.16043
0.145407
0.720929
0.445647
0.196404
1.45643
0.000106568
1.12652
2.18433
3.88578e-16
2.89797
1.50048
0.161631
0
2.04103
0.643536
1.01857
1.05508
2.42784
0.0130236
0.340315
2.83408
3.04863
2.49369
2.97637
2.62942
1.68195
2.61941
2.97462
1.0731
1.07313
1.79015
1.54054e-06
2.60812
2.60336
0.362455
2.40901
0.000237259
2.22045e-16
1.02377
3.1109
2.89076
2.88266
2.11263
2.39975
0.0019061
1.16916
0.925626
1.82013
1.52028e-05
2.01309
1.60929
2.94976
0.0013586
0.000455096
2.44496
2.1968
2.46515
1.40577
2.06781
1.48789e-08
2.87401
0.0345302
2.39652
0.975879
2.35641
2.20756
0.978392
1.229
2.8899
0.975674
1.03559
0.287849
2.39384
2.98631
1.25411
2.57468
0.0019084
0
0.409613
1.82606
2.72664
1.15416
2.97838
2.90954
2.23568
2.31703
0.744547
2.89519
2.92318
1.01179
1.13434
1.0079
0.126058
3.12708
1.42904
1.43715
0.567941
2.73469
0.00512074
6.44644e-05
0.0564046
3.06771
0.0983535
2.26224
0.099485
2.36157
0.839702
2.81382
0.479137
1.18469
0.4791
0.705565
2.65749
0.03648
2.99269
0.000286943
0.606792
2.53412
2.14098
4.55768e-06
2.43462
1.58143
2.95051
0.240124
1.31526
0.240567
1.55562
0.504189
0.764388
2.48873
1.46341
1.64511
0.00141914
2.8876
2.45814
0.737853
1.4761
1.38858
0.11026
0.984837
1.96688
0.0439238
2.84905
0.0448527
0.00125938
2.97458
1.20142
3.03503
0.00152319
0.000453579
1.71586
0.000372423
2.5327
0
1.94752
1.42139
1.4121
2.36611
4.82304e-05
2.77035
3.94996e-06
1.16804
1.43438e-05
1.70941
2.49325
0
0.000231589
0.000854529
2.72139
0.220327
2.54394
3.12923
3.10517
0
2.90891
0.0182088
0.964786
2.73231
2.10364
2.58467
1.76768
3.06827
2.79925
0.174971
2.22884
0.000455204
0.000829753
2.46784
2.47626e-07
1.11022e-16
2.30988
0.00261229
2.84954
0.772814
0.770433
2.80687
0.524294
1.59138
0.292747
1.88439
2.65995
0.745714
2.55201
2.1667
0.74622
1.80579
2.91292
2.81815
1.09911
1.10466
3.07241
0.704438
1.97172
0.69958
1.27272
2.10418
2.22487
1.43063
1.48103
0.978561
0.000796456
1.38044
2.66659
2.35724
2.21791
1.99416
1.0616
4.14181e-05
0.00838545
1.99338
0.000542566
0.00441272
1.48949
2.49173
0.000492321
0.00249932
0.101407
0.012611
1.8147
2.85348
1.37466
1.23264
1.67992
2.13765
1.17735
0.00285012
3.02524
3.07219
0.00176794
1.66533e-16
3.07839
0.000746084
1.96199
0.0202903
2.87342
0.000293486
2.07738
2.58541
1.27599
2.42628
1.2745
1.15104
0.0012061
2.99237
1.03214
2.78672
0.00133656
0.92148
2.28902
2.8439
2.49603
1.11549
1.91164
2.79602
1.78728
0.000111458
2.60444
1.79618
0.384524
0.620395
2.18066
2.99856
1.67314
0.000318551
1.87405
1.61488
3.04965
1.10515
0.00073737
0.0294246
0.165692
0.869794
2.60007
2.99508
0.00858725
0.740195
2.45704
2.48
2.72069
3.09831
1.75216
2.72456
0.984762
0.000741914
0.702265
2.74522
1.98109
3.01685
2.83518
2.12943
2.03292
2.22045e-16
6.16325e-05
0.786813
0.00153025
3.0695
3.04508
2.00473
0
1.17695
0.00359721
1.53378
1.07864
2.45898
2.69947
0.00195795
0.00195795
0.000650151
2.3192
2.14936
0.00867682
7.9221e-05
1.23809
2.56797
2.74055
2.25414
0
1.52919
1.75009
0.00067343
2.94203
2.63678e-16
1.85562
0.67974
2.93482
2.14079
0
1.42084
0.000523094
1.08102
2.76383
2.50218
2.5214
0.00229176
0.0110025
0.149227
0.00146669
3.09389
1.18357
0.468044
2.7015
1.6547
2.89198
0.466738
0.464508
1.67089
1.15646
3.88578e-16
1.80632
2.12985
1.66365e-05
0.0145727
1.95721
3.11437
0.667328
0.000195041
0.156029
3.01451
1.47458
0.000259081
0.656201
2.83584
0
0.0242014
2.19884
0.0005341
0.000133947
1.1941
2.2345e-08
1.12727
2.13981
2.32137
1.19415
1.28103
2.33496
2.7824
2.12276
4.73003e-06
0.57438
1.28287
1.55568
1.00582
2.52775
1.17957
2.40748
2.79065
0.173752
1.40166
6.4869e-05
1.97441
3.07941
2.02767
0.0216174
2.4067
0.000243136
2.33683
1.19723
0.694256
2.23836
0.0127145
1.05454
0.000261389
0.393502
2.71838
2.97261
3.11759
1.79895
3.60205e-07
0.914354
1.17347
2.30014
2.08778
2.06128
0.749898
2.9561
3.13724
3.01393
1.78039e-05
2.8932
0.975401
2.20512
0.000275699
1.3352
0
2.74367
0.012608
2.54516
2.47169
2.43739
2.47534
1.11286
1.11293
2.82321
1.88749
0.241852
2.63077
2.05573
2.47351
1.70756
3.06294
0.635872
2.19153
0.468309
1.24147
1.10196
1.72544
2.96723e-05
1.77883
2.57195
1.36485
2.4152
0.0015662
0.00179857
1.3208
2.14565
3.025
0.2645
1.16922
1.16911
0.904613
0.986015
0.0348458
3.08111
3.0648
2.21756
0.000196267
2.51091
0.91113
2.7496
0.000723089
2.97984
1.66743
1.29358
0.000564664
0.0613352
2.74279
1.34869
2.82605
0.45561
2.22554
0.00320449
0.896283
1.49488
1.70351
2.84997
1.42636
4.44089e-16
2.29023
0.000213449
0.000167991
4.44089e-16
0.788364
3.03251
2.99144
2.61035
2.58433
2.24395
2.88428
2.72391
0.0492205
2.93231
2.29469
0.0471503
2.88565
1.41136
2.58624
2.54688e-05
1.56227
0.00182774
2.42344
1.27242e-06
1.90145
0.22734
2.48407
2.06816
3.07403
0.000871135
2.29462
0.00473606
2.30884
0.309077
1.70853
1.94102
0.000373441
1.4082
1.93853
2.56201
2.60048
1.52296
2.3348
2.95057
1.51471
2.38574
0.00594189
0.000563473
0.281591
2.79377
0.00254796
1.11389
1.40056
0.000775797
1.92103
0.593419
0.843567
2.03383
0.772317
2.17156
2.84409
2.17323
2.49931
0.000748808
6.3611e-05
1.27532
1.59657
2.03818
1.59124
7.60327e-05
3.13161
0.62288
2.74797
3.12971
0.00141114
2.82347
0.565961
2.81348
1.20341
0.304584
0.569442
2.24422
0.873849
3.01883
0.265523
0.265523
0
2.48365
0.00446183
0.948409
2.95796
0.618268
0.618043
1.46136
0.00690445
2.76262
0.0450304
2.96697
0.904267
0.903517
3.0481
0.00151888
0.000753048
0.0678486
2.57841
0.184888
1.35038
0.00557805
2.75441
1.86019
2.21782
0.000191287
3.01475
2.9108
0.00292447
0.732004
3.02235
0.973578
0.000514179
1.88756
1.20307
0.000911484
1.09966
0.00266296
2.50762
1.37666
2.8796
0.00216853
1.19399
2.58335
1.63771
1.19516
2.83171
0.0269559
2.89885
0.00109818
0.00054352
1.27011
1.70558
1.12796
2.26535
3.10515
2.3129
2.60937
0.000944432
0.00014619
2.23117
1.46464
2.61014
1.83446
1.46838
2.2084
0.369819
0.452693
0.0828747
3.03983
3.25159e-05
0.769596
0.00292606
1.3873
0.127552
0.000660576
1.39937
2.70803
2.62858
1.30646
0.00101044
2.94448
1.96515
0.000590652
3.068
1.24088
0.000411087
2.8794
2.5555
1.64442
0.00154905
2.63048
2.24321
1.21128
0.129932
0.285101
0.00568495
0.000175478
2.80325
1.28963
2.67208
0.00139731
1.30062
1.12122
0.00188231
2.98544
2.87626
2.17435
2.07091
0.776968
2.74706
0.0077005
7.13808e-05
2.54586
0.1194
2.56331
2.01926
2.18819
0.120794
2.68137
1.90119
2.07013
0.00596161
2.84857
1.95662
0.0133574
2.03759
2.4941
2.7246
0.365507
1.007
2.98843
2.50169
2.78003
2.35169
0.276237
2.83129
2.77556e-16
2.22045e-16
0.000313338
1.80877
2.31654
2.0416
1.02034
2.49926
2.94586
0.00043937
0.212437
0.69485
2.1592
0.694348
0.863751
2.30837
0.00389891
0.00040955
2.97126
0.379333
0.377403
4.44089e-16
2.15041
0.814575
2.99718
0.000762958
0.178097
0.000278937
0.38455
2.83676
2.82988
3.06367
1.6269
2.79738
0.00876492
2.83153
0.00857196
2.82375
0.647351
0.136748
2.34135
2.78897
2.33867
0.937478
2.8768
2.67833
2.88084
2.6678
1.93455
2.78938
5.21463e-05
0.00274989
0.224717
1.27015
0.30902
2.12429
2.45769
0.720922
2.70708
0.714926
0.000658382
0.680412
3.08276
2.86156
3.12289
2.74126
3.05411
2.87693
1.0733
1.07227
1.59367
0
1.47151
2.04471
0.546232
1.31559
3.09691
1.76323
1.06988
0.678421
1.76337
2.83253
7.67199e-05
1.93959
1.3282
1.76644
0.00182399
3.00836
0.750006
0.745785
0.000182262
2.80672
0.571919
0.280249
0.000513351
2.97444
0.941692
2.59217
2.67747
0.00988941
0.923066
0.806974
2.41762
0.00255758
0.0011549
2.80495
1.13575
1.13502
0.625117
2.37144
0.0024419
2.2735
0.105685
1.44073
2.98399
0.00226352
1.12845
2.63325
3.10358
0.273167
0.279045
2.87153
0.983984
1.25993
0.000797463
2.72305
1.50372e-05
0.187553
1.41393
2.78742
1.22632
2.64035
2.44902
1.41192
0.04173
3.06647
1.12498
1.12301
2.82856
2.55029
0.91854
0.922042
0.00099903
1.02866
2.28861
1.83671
2.96471
3.00987
0.0008027
1.28896
2.90679
2.70629
1.60203
0.911779
3.08356
1.27889
1.28286
0.150131
2.79548
1.78346
0.429124
1.769
2.20151
2.37484
0.00883257
0.000190641
5.81739e-06
2.07693
2.23366
1.69405
0.935601
2.34041
1.60934
0.960959
0.00180385
2.28967
0.501094
2.57414
1.07861e-06
0.00135627
1.12368
0.000298621
0.292143
2.64502
2.71882
2.93716
3.0382
0.000400803
0.490852
3.09785
3.13845
2.60687
2.52729e-05
2.77873
0.324429
2.90527
2.92891
0.00139582
3.10577
0.00745415
0.000957074
0.0646694
0.927143
2.42956
2.59706
2.0819
1.18518
2.40252
1.12829
2.63648
2.95584
1.12155
1.50873
0.562645
1.93576
2.9818
0.164475
2.87897
1.97269
1.71313
2.75426
1.80759
1.54803
2.55549
2.01434
2.04485
0.000105849
2.66871
0.965514
1.69089
1.95021
0.00138525
0.0360318
0.482313
2.56131
2.75852
2.76001
2.86557
1.76638
1.19748
3.13974
1.19144
3.0144
0.855462
0.856334
0.000237931
2.64297
0.722229
2.4069
6.27683e-05
2.65048
0.770509
0.00131672
0.1987
3.00636
0.0845231
2.18807
0.0845207
2.2726
1.1991
2.99094
1.49509
3.03189
2.69349
3.08472
0.000520077
1.23877
0
1.73713
0.000155001
2.66227
3.43675e-05
0.0587309
0.205084
1.94971
2.62991
0.00564251
1.72613
1.60505
2.5051
0.850413
1.6834
2.94325
0.353723
2.35416
1.43416
0.850928
2.53381
1.20414
1.50375
2.28457
2.58616
0.00176588
0.00565943
2.95876
0.587177
0.589218
0.000614221
2.60126
0.980184
1.82266
1.57856
3.13487
0.947573
0.000166737
2.55891
2.16796
0.00772546
1.03042
0.961418
2.67073
0
4.44089e-16
0.000619988
1.43285
1.7891
2.04758
0
0.891926
2.94826
0.000272785
2.42706
0.320534
1.03822
3.01898
0.0082447
0.784266
2.35032
2.83106
2.32088
2.66732
2.30436
2.70552
1.12316
1.12316
0.043039
2.9495
0.0188362
5.6505e-08
3.00099
0.590912
2.66512
0.00470186
0.0209087
0.410807
2.56414
3.00206
3.01907
0.683813
1.13679
0.381919
2.60197
0.582093
0.581472
0.16856
1.92855
1.13559
0.000655596
2.83371
1.1053
2.55549
0.00212844
2.37254
2.09399
0.00100254
1.65451
1.37596
0.974771
0.00583126
3.13777
0.181244
2.81425
0.00259123
2.91853
0.00247893
0.00447504
1.2343
0.000962262
2.27071
1.52462
2.87848
2.13187
0.917799
0.00380997
2.21213
2.72432
2.62608
0.000182224
3.06157
3.33337e-05
1.06906
2.80804
2.17006
2.41482
0.000974769
0.475693
2.89373
2.67695
2.91376
2.57029
0.00016303
0
0.992318
0.000197022
3.0761
0.00130752
0.21935
2.93342
2.54011
3.01063
1.02553
2.94993
0.223498
0.22397
2.92685
0
0.00603078
0.000126703
2.54936
1.96736
1.08658
0.000443235
1.94597
0.938266
1.7333
2.82405
0.0107333
0.000818692
7.25307e-05
1.48891
1.96111
0.000758195
0.768487
2.53715
3.13233
2.18013
2.76719
2.64023
0.836198
0.641856
2.55565
2.50339
1.23969
0.822055
1.46099
1.68425
2.05882
2.21
2.406
0.0082498
2.379
1.79745
0.0257173
1.98767
2.20612
2.02514
2.02871
2.21894
0.0102996
1.70837
2.32001
2.84556
0.385458
0.39988
1.14502
1.99644
3.00056
3.04974
2.68965
0.400713
1.14557
2.1376
2.08842
2.44852
1.54573
0.000216276
0.523695
2.42515
2.56503
2.51296
2.94885
1.9972
2.75824
0.00384744
2.70706
2.66595
1.82619
0.000233337
5.26476e-05
2.39276
0.318077
2.52953
0
0.00634398
1.64921
0.425327
1.6713
1.24289
0.000168002
2.40254
0.196355
2.24494
2.63772
1.04657
1.11284
3.07329
3.0796
1.23926
1.23705
0.000930126
2.76875
1.52137
2.82648
0.0189504
0.854311
2.10946
2.33924
2.25973
0.000216501
2.12758
2.89023
2.54783
0.00035576
1.77869
0.00155108
2.82299
0.830652
2.64755
3.12964
0.0024297
2.50967
0.0662103
2.21293
0.0662311
2.1467
0.000263662
2.96101
0.550907
2.60622
0.00365419
0.00487333
0.47064
0.00230305
3.02678
2.81798
2.78576
2.69721
2.15689
0.0860003
0.227849
0.219401
0.133409
0.947047
2.225
2.71004
0.947799
2.62581
0.000387321
2.47912
1.45511
1.58829
1.0158
1.64189
0.995586
4.44089e-16
0.930821
2.74763
0.0101373
0.00134039
2.23321
1.68931
0.417382
1.77692
1.94929
1.05119
2.94607
0.00462382
0.00102711
2.80035
1.0072
0.902436
2.93895
1.0073
1.90947
2.3372
1.52094
0.561588
2.81314
2.58168
1.9491
2.10152
0.0137849
1.67469
0.000253212
0.820834
2.40202
2.36999
3.06019
1.59063e-05
0.313404
3.13962
2.09279
2.66648
2.83016
2.31822
0.845316
0.000197072
2.83409
2.53951
2.60213
1.00186
0.451754
1.76102
2.15302
2.36919
2.17727
3.00746
1.28614
1.28576
2.37216
1.87003
1.38961
3.07158
0.171992
1.39894
1.8119
2.98229
0.328477
0.0124041
2.87619
0.354564
0.42006
2.99923
0.00174457
1.13051
0.249172
0.299134
2.51286
2.91722
2.27217
2.22286
0.000346811
2.1754
3.0634
0.0361936
2.6881
0.460443
0.834814
1.38747
0.0375557
2.65173
0.798447
1.42384
2.63516
1.83654
0.712372
2.20773
0.00260021
2.75242
1.57143
2.64776
1.44136
1.44077
2.65939
1.50654
2.69388
3.12173
1.25215
2.08954
1.96144
2.82256
0.000469632
0
1.799
0.0120351
0.000564203
1.0651
1.88149
2.3082
1.06489
2.9101
2.71017
1.82209
1.77314
3.04704
0.476369
0.474357
1.97054
1.15871
2.90154
2.64346
1.15647
2.48102
0.611363
2.66117
0.417121
0.887621
0.419007
0.467489
2.81899
0.557034
2.42122
0.551525
1.86663
2.90034
0.238988
0.239882
2.37784
0.000610428
0
2.52116
1.28564
0.000135374
1.98773
2.21631
0.913983
2.54779
1.82358
1.10787
0.193473
0.914399
2.2632
0.000687383
1.97073
2.45205
4.70246e-05
0.000410098
1.17852
2.39075
2.2113
0.781358
2.86882
0.0121731
0.886079
0.000437078
0.128834
0.725977
2.67919
3.12486
3.13561
0.000351666
0.00232149
2.88169
0.154164
0.153289
2.23225
0.61854
1.12736
0.0228691
2.58525
0.792543
3.11876
0.840903
2.55523
1.76883
0.840048
2.88808
2.82914
1.50685
2.82166
2.92895
0.00133598
1.98693
1.08272
1.88202
0.000266651
0.0959468
2.6174
2.95936
2.33988
2.98604
0.797994
2.9377
1.08333
1.08733
3.06207
0.837922
0.00545252
2.10911
2.08388
6.26083e-05
0.644498
2.61046
1.40922
2.60663
3.02823
3.09687
1.13575
1.13025
0.588211
2.52135
2.80703
2.98805
1.88101
0.00027233
1.14111
2.98735
0.000566825
1.16661
2.45425
2.4659
0.00550681
8.49915e-05
1.71694
0.000219584
2.55106
3.07039
0.00191774
2.36486
0.567875
0.664458
0
3.01599
1.33087
0.965861
1.93897
0.00136537
1.48766
1.39284
2.31541
1.46252
0.785685
1.3947
1.53197
2.49779
0.512016
2.15134
1.63933
0
3.01744
3.01007
2.9467
3.04076
2.13806
0.000814239
2.4142
2.74061
2.64655
2.73393
2.59489
1.71089
0.804876
2.67498
7.87223e-05
0.00178118
2.49246
0.839924
0.838251
2.71421
0.00109887
1.03282e-05
0.000216534
2.34396
2.82591
3.01455
2.41852
3.10316
1.03876
0
1.25053
2.77113
0.776322
2.5167
2.81288
1.55158
2.95838
3.58873e-05
0.000357503
1.51565
2.61756
1.70316
2.15007
3.12818
2.05149
0.000478295
2.45447
0.00398698
1.92643
1.72346
0.0125763
3.04644
3.07204
0.00442007
0.00785452
1.7542
1.76775
2.22076
2.61204
0.646531
0.00214406
2.01578
2.95409
2.66705
2.99082
0.0728719
0.0738063
0.874181
0.00536751
2.94574
0.0597227
1.18149
1.87978
0.00267077
3.00683
2.98366
0.000348564
0.000939294
1.65632
0.00281962
0.000501342
1.12438
3.02347
2.7566
0.000458183
0
2.31792
0.00301215
0.000735096
2.73689
0.519458
1.80859
2.84478
0.00933757
0.69857
2.12885
1.5273
2.36751
2.22655
2.9236
1.54522
1.26365
0.262035
1.50585
1.26367
0.000215435
0.241983
0.00107333
2.81032
0.0512395
2.72706
0
0.288269
2.3526
0.00344851
0.000118221
1.63555
0.00148569
2.8192
0.796191
0.0010181
2.45965
2.18215
0.659375
2.89586
2.49789
0.320014
2.93785
0.737443
2.14162
0.737013
2.87906
2.69324
2.92991
2.46731
0.0156903
0.000150779
1.53308
0.000858792
2.94407
0.118934
1.27295
2.27724
0.00101752
2.30261
1.68873
0.693336
0.899131
4.96061e-05
2.64522
3.1029
0
0.00207485
0.00273083
1.39954
2.70947
2.54246
1.30993
0.663891
0
2.65624
0.187912
0.828075
0.000232884
2.82666
2.95898
1.99859
0.0462233
0.935854
2.60809
1.48696
0.557885
3.09099
2.63922
0.27345
1.80989
2.6046
0.27377
1.5377
1.30987
2.76114
1.54977
0.495451
0.493657
3.07207
2.14549
1.41992
0.000350531
1.3734
2.12694
1.58461
2.78285
0.000248815
2.74171
1.26558
1.70652
2.50864
0.440224
1.08717
7.90307e-06
1.84229
3.13631
0.000205965
7.38339e-05
1.05726
0.0988794
2.69916
1.43997
2.27357
1.86012
2.08132
0.000110869
0.00443064
5.5157e-05
2.70063
2.24975
0.853313
0.000316264
2.21834
2.6684
3.01364
0.000229506
0
3.09861
1.11584
0.588364
0.587482
3.77052e-05
3.09275
1.15325
1.87049
1.1551
3.02494
3.06932
1.03787
3.01317
0.828346
0.00103163
3.08411
1.52497
0.000541977
2.74684
1.01006
0.779715
2.38023
2.27892
1.71958
1.00899
2.81807
1.31304
1.3058
2.68631
1.34426
2.28359
1.34026
0.943322
0.00151386
1.70985
0.562121
0.00169212
0.886304
2.6378
0.0280259
2.59291
0.000186804
0.721394
0.768796
2.06563
0.00180262
0.936909
1.72148
2.56275
1.28768
0.00195791
2.84713
1.05698
2.83319
0.0055029
0.000100671
3.11229
1.0177
1.01884
0.0574585
2.35848
2.849
2.1695
2.42203
0
0.000719136
0.00198734
1.40501
1.17294
1.94744
2.57692
2.41357
8.98272e-05
0.000277451
2.81628
0.134287
1.88197
2.40901
0
0.0276318
2.72688
1.77576
1.81558
0.000498984
2.23053
2.49215
0.000559453
1.18396
2.74447
1.10567
0
2.74598
6.829e-05
0.847404
2.4115
2.75639
1.5641
1.28914
1.47927
0.564398
2.7023
0.699393
1.75401
2.65763
0
0.731015
3.05766
3.09323
2.49442
1.00776
2.70133
2.77779
0.399382
0.00131684
2.87602
1.07917
2.77359
0.000205069
2.44296
0.129942
2.27694
1.97009
2.62032
0.000980015
2.7095
1.52672
0.88246
0.844036
1.89747
2.40918
1.7265
1.42632
1.79567
0.391526
2.26326
1.81916
0.299403
0.000575353
2.86325
2.80415
0.00276778
1.35158
0.47061
2.91928
0.694883
0.0250383
2.06265
2.16002
2.76246
0.061629
0.536607
2.27751
2.83695
2.20946
1.44805
2.77556e-16
2.12001
2.01566
0.000543918
2.89124
0.817685
2.65586
0.00224292
2.75464
0.867006
2.40108
1.73652
0.864986
1.53619
0.584438
1.82436
2.86952
2.9018
0.0253952
0.0258114
1.37323
2.64717
0.925522
0.917374
2.50606
0.32906
0.00157483
0.000545922
2.05149
7.50599e-08
0.845652
0.000114219
2.23948
1.83881e-16
1.00099
2.78275
2.98197
2.48181
2.49945
1.98098
2.72351
0.742537
0.00471517
3.01606
0.79406
2.21978
0.00103325
2.21755
2.31684
0.0413368
0.000804578
0.00017651
3.03718
1.47203
1.63123
2.76581
2.17695
0.901825
1.44874
2.67981
2.08003
3.07309
0.757303
1.55025
0.759147
2.3082
0.000484942
2.47223
2.54366
1.29022
1.29177
2.44827
1.31186
0.182785
3.10146
0.658386
2.04416
0.00134591
2.3255
0.671748
2.53106
2.90187
1.00885
2.1849
0.00418568
3.27933e-05
2.64673
2.27163
3.05731
2.24507
0.00135609
2.94396
0.404033
2.78601
0.000672554
0.000339493
0.000221918
2.24884
0.0405485
0.880026
2.66452
2.6193
0.00173947
2.70333
2.68128
1.99031
2
0.972282
1.02837
0.848519
2.99954
0.894214
2.04186
2.04291
0
0.000695041
2.69853
1.28594e-07
0.00151237
1.53644
3.01154
0.000482936
0.00468685
2.53446
0.000840186
0.000505024
0.00643856
0.667261
2.94706
3.12867
2.75103
2.27473
2.81715
1.17594
1.98522
1.16416
3.12767
2.98821
0.893675
2.58353
2.82259
3.11271
0.0734412
2.27035
4.44089e-16
0.00288053
0.626618
2.88179
3.06905
0.0314301
3.05848
2.58733
0.65824
2.89624
2.92577
2.95718
1.09504
6.43421e-05
2.00986
1.58336
3.03813
0.00636227
2.53348
0.00380106
0.367194
2.95302
0.912103
0.905763
0.411217
0.00409969
2.98282
2.8619
2.888
0.29573
7.26947e-06
2.28504
1.88366
0.00824543
0.602447
2.96172
2.47137
2.26095
0.793318
1.47159
0.00101
2.15349
1.46222
1.52524
2.65615
2.26679
1.20309
2.72378
1.72895
2.51663
1.21874
0.098302
2.62145
6.27141e-05
1.7483
0.0122485
0.462562
2.10801
2.19137
1.12754
1.2615
0.423227
1.23728
3.07945
2.73019
2.88958
0.00342911
0.000306728
0.777263
3.09471
2.84746
2.60186
1.35115
2.18496
1.35106
0.833896
1.80751
0.737942
2.5454
1.89135
0
2.9733
0.569651
2.40523
3.03656
0
0.00773042
2.45544
1.02384
2.21013
0.0021927
0.0207014
0.00255439
2.81059
2.58966
2.79201
0.0187426
0.252899
0.00155468
2.20553
1.0267
2.07021
0.0171017
1.64309
0.00217394
2.95667
2.19366
2.16824
1.55782
2.10892
0.841937
1.94697
0.0120326
0.731141
2.21972
2.95843
2.80199
1.14799
1.17374
2.50639
0.404731
0.403801
1.55091
0.000934401
0.579989
3.10773
3.13814
2.5953
0.347087
0.000114047
2.16295
1.9627
2.51016
0.312081
0.240773
8.8948e-05
2.8353
3.03433
0.0206466
0.0201531
2.38209
1.03116
2.20693
3.04109
0.72601
0.725295
0.985383
3.05156
1.31423
1.31738
0.636673
1.4932
3.11682
3.07688
2.70051
1.1553
1.16877
0.930151
3.02309
2.75605
2.77674
0.894869
2.22045e-16
2.96964
1.16292
2.15496
1.16192
2.12979
0.00718357
1.39924
3.11561
0.877022
1.93182
3.00837
2.27761
2.82179
3.01493
2.37717
1.72413
0.79027
1.15781
1.94013
2.56007
2.67476
0.00168343
0.476556
2.96017
1.00186
2.8806
2.7494
1.87271
2.61276
0.00201769
0.000104518
0.869865
1.06817
0.869385
3.11756
0.0447209
0.0435602
2.79644
0.000193448
2.37255
2.66724
1.34213
0.7636
1.8181
2.53878
2.82297
0.994357
0.995796
2.93363
0.687609
2.52678
5.44305e-05
1.6806
3.06071
0.989864
2.03016
0.989965
3.01635
0.760521
0.00174949
3.1218
2.83039
3.02564
0.0252196
2.65705
2.4618
0.793971
0.658231
2.70373
2.81857e-05
1.8735e-16
1.2186
2.94855
3.09914
1.74929
2.34966
3.10963
0.00496168
3.09398
0.00284345
0.901715
3.09418
0.991386
1.17827
2.20235
2.87173
0.594186
0.582918
1.8063
1.89582
0.0577699
0.000176733
5.65647e-05
1.12853
1.72492
1.77508
2.85574
1.87032
6.41806e-07
1.06718
0.00060597
2.05476
2.56402
2.27598
3.06109
0.00389313
1.13893
3.11964
2.60637
2.04438
2.95104
0.0029432
0.000210787
0.368097
0.101595
2.7659
3.04372
2.7207
2.45099
0.102413
2.94075
2.82367
2.34802
0.0037173
2.78113
0.804991
2.45128
1.98413
2.279
2.38687
0.00823166
2.7351
0.569301
1.22363
1.24873
0.0253675
3.0892
0.00062152
0.00107086
0.00633095
2.98949
0.0864418
0.0873195
1.41424
3.0036
3.12322
0.00319698
2.26887
0.00366514
0.975042
1.60206
2.37187
1.97275
3.103
0.36543
3.64149e-05
0.92276
1.35653
2.47392
0.77652
2.58896
0.776618
1.81244
2.25349
0.000165114
0.219267
4.44089e-16
1.52735
2.81413
0.000157748
2.12056e-05
3.00115
7.69072e-05
1.45603
2.20995
8.64936e-05
1.46146
2.21538
0.883753
0
2.9485
2.2799
2.06474
1.73524
2.57346
1.2131
2.00625
0.995021
1.01097
3.0043
0.736047
0.735148
0.498777
0.000285686
3.04995
0.992709
7.93158e-05
2.22375
0.699619
3.06888
0.0653619
0.0630523
0.637742
2.73566
2.34266
2.85342
0.637807
2.9802
2.79223
0.956372
2.37059
2.10819
2.61854
3.06456
1.12355
2.19142
3.02467
3.07596
1.58144
1.36207
1.57992
2.942
2.21013
4.48703e-05
2.6019
0.000332395
0.0015759
0.997965
1.94562
2.62456
0.0247783
0.430307
3.07059
2.48066
1.85302
1.46951
1.84754
0.37778
0.351897
2.21971
0.00693038
2.64594e-05
2.4644
0.00451835
4.01803e-05
0.66773
2.4671
2.79484
2.96317
2.82061
2.2246
0.00136197
2.75989
1.72261
0.000423363
1.7394
0.702117
0.942833
2.31224
0.000246648
1.26173
0.985571
2.71999
0.282553
2.16897
0.280595
1.88837
0.945274
0.000917175
3.04716
0.536658
0.00165498
2.998
3.11866
0.196986
0.195414
0.00562589
0.999195
2.81626
2.8789
1.93109
2.98646
2.46636
0.930514
0.0533864
0.985277
3.08716
1.09392
1.68402
1.09392
2.77794
2.12843
2.70484
0.00834987
0.00306831
0.000573617
0.963931
1.88393
1.90885
1.96117
2.39914
2.84767
0.945118
2.92491
2.3935
0.0110369
0.00204044
2.52612
0.419343
1.14022
0.419864
0.721196
2.27266
0.00191252
3.88578e-16
2.67635
3.03681
1.40051
0.00223454
0.00617662
2.86374
0.423573
2.05479
1.36567
0.00107749
1.4841
1.98537
0.685999
1.62035
1.98346
2.29311
1.6254
0.000734523
2.03147
1.85269
1.35719
2.12385
2.59879
1.66811e-06
0.862694
2.76373
2.59766
2.65676
2.8084
0.00185375
0.00186581
1.90613
2.32802
1.05956
2.75555
1.05592
2.468
1.39907
2.82636
0
2.92797
0.676592
0.418775
1.15058
2.4142
2.40762
2.7184
0.00231487
0.718754
2.04796
2.59486
2.69575
2.76633
0.435637
0.86352
7.57078e-05
2.45533
1.16735
1.84646
0.000899015
0.000419099
0.418847
1.68872
2.42745
2.58817
1.98336
0
0.899446
2.61693
2.30312
0.00369167
2.53268
0.0120356
2.53212
2.01214
2.85545
0.762404
0.762583
2.80706
0.917512
1.67423
0.918447
0.756722
2.35844
0.54914
3.1319
0.550698
1.14642
1.8244
2.84057
2.37949
0.000191924
0
0.030365
3.0863
0.00861888
0.00034251
1.90438
0.00103487
2.02774
0.714662
2.24782
0.00609171
1.60597
2.53779
0.00141431
2.36048
2.53873
0.634042
2.7869
0.635757
2.15093
2.61338
0.00388515
1.12956
0.11846
0.651827
2.55401
0.0886666
0.566404
0.105284
0.00243071
1.32948
2.91151
1.93423
1.67907
1.6939
1.72296
0.0303535
2.90187
0.400547
1.53714
0.399989
1.13498
2.82505
1.69289
1.14946
1.15084
0
0.379286
2.55743
0.752757
2.88017
0.750004
0.0036834
0.00126376
0.00165328
2.67123
0.801541
1.91271
1.98123
1.09571
2.78913
0.00635905
3.09832
0
8.43325e-05
2.53051
0.0537763
1.76125
2.99945
0.0541775
1.81536
2.59548
3.02002
0.00133898
3.04943
1.23063
0.000136678
2.294
2.93431
1.0629
2.90615
1.00883
2.45923
0
3.05561
2.5973
3.05296
0.596388
1.22666
0.000560193
1.19063
1.50425
0.793488
2.77311
1.16369
2.36674
1.80617
2.66843
2.47059
0.641796
0.644096
0.989918
2.05342
1.55343
1.40353
2.26334
1.5549
2.39363
1.67251
3.07763
2.34998
1.0108
1.53201e-05
2.19673
2.77786
1.18606
1.69204
0.00143104
0.789341
2.49934
1.23074
0.749713
1.66533e-16
0.960399
2.9211
2.88921
6.40915e-05
2.83024
0.0319316
2.93384
0.00557363
0.557364
0.37332
0.0169557
3.08381
1.41578
1.30269
1.87555
1.34201
2.76904
0.00132735
1.40354
0.000546149
2.22573
1.9477
1.94881
0.000916543
1.06713
1.5507
0.952836
0.925133
2.6963
1.56692
2.85507
0.792518
0.791279
2.35898
0.438043
1.76801
2.20573
0.236118
0.439116
2.19809
1.02562
2.1179
2.97923
0.947063
2.13392
0.000178217
3.07665
3.04926
1.78048e-05
2.977
2.94961
3.08145
0.699374
0.740138
1.154
3.10128
0
1.22063
2.73057
0.706869
0.705502
0.116996
2.39803
0.000528236
2.91406
1.83766
1.61498
2.76031
1.99141
1.56851
2.80473
0.540958
2.14405
2.69593
3.0038
2.13303
0.344746
0
0.849522
0.00137119
0.922539
1.61849
2.20441
2.99151
0.695712
1.28164
2.98968
1.70781
2.23797
1.48827
1.11153
2.76413
1.11052
0.000431264
9.10362e-05
1.21286
2.73235
1.28939
2.10091
1.91937
1.51949
2.50225
2.96942
1.94717
1.83377
1.61651
2.19507
1.81318
0.000452034
0.00150009
1.11755
2.99767
0.0159478
1.83388
1.85534
0.745656
2.56556
2.74538
3.02908
2.79173
2.63319
0.797371
2.22045e-16
2.58562
2.7306
2.74369
1.78825
2.75522
2.84886
0.406132
2.95493
0.404413
2.55063
2.18872
0.720212
0.703081
0.000367714
3.06744
0.00232785
3.09668
0.000552725
0.000375931
1.67665
1.51852
1.53689
3.09026
0.83408
0
2.90525
0.0145594
2.14578
0.92422
2.13481
1.99714
2.81905
2.99999
2.49731
0.00029139
2.40257
2.8729
2.66921
1.51152
2.62015
0.408649
0.411441
1.8971
0.950498
2.92641
2.50116
0
1.24707e-05
2.81699
0.359686
0.000154731
3.06909
1.35636
9.24799e-05
2.92023
7.12723e-08
2.65437
2.55754
0
0.592847
0.000284372
1.6134
0.228769
2.86362
2.82834
2.82461
3.03454
2.71873
2.87161
0.206703
0.204864
2.99455
0.966579
1.59874
1.16286
2.76252
2.98871
2.64444
0.21233
3.03779
0.0069869
0.707457
1.10584
2.74553
2.0105
2.22045e-16
0.00142272
2.47023
1.0896e-07
0.00135785
0.00512956
1.3412
2.91326
2.0552
2.51965
3.13715
1.57508
2.42536
1.30643
2.55442
0.684301
1.86942
2.86315
2.61236
1.56024
0.500751
1.0591
2.94067
0.0043276
0.00466066
0.000882837
2.81547
0.666964
3.07933
3.33067e-16
2.77505
0.00858789
0.00582799
2.31649
0.045411
6.4657e-06
0.00126243
0.0389877
2.82238
3.04903
2.87803
0.000693585
0.775868
2.80681
3.10857
2.03094
1.2779
0.75125
2.37337
0.000100803
1.44975
1.99762
1.64407
3.02367
1.07541e-07
1.32289e-05
2.71849e-05
1.31446
2.1498
2.2901
2.72415
0.613286
0.612764
2.07418
0.00313883
1.8251
1.75745
0.498751
2.94059
1.18416
1.89524
1.18155
1.45699
1.97941
3.0298
2.22702
2.96119
1.0209
1.20812
0.84553
0.399175
0.654803
3.0478
0.271132
0.27129
1.26171
6.0806e-08
2.01655
3.02725
0.000387404
0.000122328
1.29285
0.00134583
3.06057
0.649769
2.99566
0.177039
0.181127
0.465097
0.847393
1.72083
0.00413859
2.54786
0.816233
2.50032
3.00627
2.70283
0.861647
0.502287
1.36425
2.20829
0.968835
1.40631
2.68697
2.48907
3.06309
2.68362
1.99605e-05
1.87098
1.39696
0.78366
2.96282
1.28288
0.000256898
2.81845
1.11368
1.35301
1.35299
4.44089e-16
2.70258
0.704879
0.707555
0.481446
2.7153
2.73824
0.31274
3.07549
2.95055
3.0312
2.41573
0.0028281
0.00225455
3.13722
2.05738
0.426278
1.24164
0.811129
0.895025
2.21699
0
2.67951
2.56922
2.45449
0.00224073
2.20526e-05
1.32611
2.65907
3.11574
2.84129
0.00824752
0.0197894
0.535917
2.34993
1.10171
2.98288
0.565687
2.78931
2.90509
1.81591
0.779036
0.118459
2.82074
2.90323
2.82689
2.31189
4.01535e-05
1.38138
0.263235
0.00713639
1.5691
2.28795
2.86532
0.000277751
2.68614
0.442677
2.59041
0.0262002
0.527388
2.22199
0.0155657
0.00217158
1.69664
0.77183
2.10791
3.02164
0.00243778
3.13775
4.94666e-05
3.11652
0.000568022
0.629008
2.93394
2.63323
2.30493
2.67958
2.60505
1.1614
2.96862
2.90561
0.00113304
1.42442
3.08519
2.07592
1.33927
1.43403
1.8455
1.85491
0.00380676
3.07667
0.712945
1.80157
2.10152
0.0160398
2.70538
2.8218
0.713094
2.51466
0.729134
2.86471
2.10871
2.22483
0.000244347
0.00143562
3.0082
0.965485
0.966796
2.00095
2.26678
0.122734
0.00558039
0.187749
2.65944
0.000562826
0.000500074
2.27147
2.98747
0.000401665
2.22762
1.75472
0.000737665
0.536508
2.49312
2.76529
1.5284
0.00613143
2.71999
2.35762
2.95528
1.01404
1.34628
1.28792
1.01014
2.35633
3.13029
2.26474
0.778448
0.596799
0.183397
2.81862
0.00011555
2.51283
1.63093
0.327961
2.92499
2.87222
2.49597
1.49673
0.823567
1.75383
2.22303
1.15706
1.64373
0.929466
1.39867
1.98143
2.46728
0.243918
1.22843
2.97874
1.22916
2.77207
2.07711
0.00323963
0.00287025
0.028081
1.40285
2.88451
1.1522
1.92151
0.230027
2.62653
0.467694
2.88197
0.453186
1.1578
3.00438
2.74305
2.68797
0.000549956
2.45255
2.34396
0.0742513
2.86057
2.26971
0.844773
2.62439
1.09616
2.59609
2.68155
2.82644
1.5674
0.816056
2.62044
1.13011
0.00684969
1.49306
0.000197636
1.34659
1.62417
1.73114
2.72992
0.00488922
0.00112538
0.306299
2.83419
2.93006e-08
0.000623487
2.07653
0.89244
2.98673
0.889964
2.09488
3.01269
0.00069473
2.19314
2.1908
1.69474
2.37367
2.44764
2.91217
0.950372
0.000430789
0.334103
3.02114
6.19726e-08
2.4964
0.367971
2.76014
0.00435069
0.000251479
2.32178
0.0161226
0.00100792
0.941768
1.9277
2.25151
0.94163
3.08994
0.0542491
0.997392
1.83932
1.71955
2.86599
0.722106
2.42056
1.86939
1.94463
3.01442
2.71303
2.02631
0.000836809
2.83501
0.138313
2.5813
3.01204
2.48901
1.82958
1.19349
1.19349
0
0.435918
2.31896
2.19495
0.000209938
1.32115
2.22045e-16
0.84696
2.03034
0.526712
0.876884
2.57544
3.06692
0.962222
2.23092
0.938933
3.08847
2.7814
0.000814135
0.000371436
1.21674
3.33067e-16
0.00618166
3.00655
0.00157552
2.79369
0.00184417
2.46919
2.51711
0.340176
0.00422175
2.40056
2.53743
0.138531
2.18676
2.511
2.21174
1.04837
2.13242
0.990713
1.14082
2.2702
1.00557
2.35037
3.07899
1.90415
0.00586963
1.44553
0.767166
2.99282
2.89382
0.000754946
0.552738
2.57952
2.98078
2.95621
2.02614
3.09939
0.00935098
0.0015562
2.30769
1.86411
2.29941
1.06396
1.06943
1.2329
0.000658111
2.68014
2.74629
4.34315e-05
0.00137946
3.02726
1.03878
1.04079
0.000450109
0.777968
2.51033
1.39315
2.11692
2.04651
2.99489
2.89489
2.84185
0.0530426
1.18813
2.4074
