8.3306
8.29783
8.29783
2.59555
4.29329
0.13957
0.13957
8.18758
0.13957
0.13957
1.43686
0.13957
0.13957
7.83504
3.68877
0.13957
0.13957
10.7023
3.71229
3.71229
0.13957
5.17285
0.13957
0.13957
9.00678
7.59175
4.01088
5.15888
5.51
5.51
7.30461
4.44664
4.44664
10.2818
0.13957
0.13957
10.7998
2.33454
2.33454
2.2486
6.57419
6.57419
6.53039
6.07577
6.07577
5.87621
0.13957
0.13957
2.32877
6.30134
6.30134
8.57091
5.57529
5.57529
0.13957
2.19747
-5.96046e-08
-5.96046e-08
0.748365
2.17943
2.17943
13.5811
1.22136
1.22136
5.96046e-08
17.5347
10.5398
0.13957
0.13957
12.9977
1.54581
12.8764
6.92797
0.13957
0.13957
0.681014
2.14908e-07
2.14908e-07
3.53278
4.67111
0.13957
8.05286
6.12353
3.55799
10.1664
6.82292
0.278683
0
5.99507
5.18962
5.18962
3.56196
1.61156
1.61156
0.13957
3.61558
0.13957
0.13957
2.6728
9.31642
9.31642
6.32623
6.26443
6.26443
0.13957
21.3712
2.00277
2.00277
6.53377
6.34001
8.51035
0.13957
0.13957
9.42684
0.13957
0.13957
3.51642
0.13957
0.13957
6.35545
0.18471
0.18471
8.92306
0.13957
0.13957
1.05981
4.89201
4.89201
16.4998
7.51123
0.594825
7.51123
10.5893
0.13957
0.13957
3.60131
14.126
8.82842
0.13957
20.1527
0.13957
0.13957
5.36992
4.06459
4.06459
0
1.29672
6.60774
3.61201
11.4456
4.77079
1.05367e-08
13.4686
11.0412
4.09148
11.0412
0.13957
0.13957
6.27709
11.0332
11.0332
5.08702
6.13569
6.13569
6.04908
1.29048e-08
13.7223
5.3044
5.3044
0.13957
7.45335
0.13957
0.13957
23.0573
4.46065
0.13957
0.13957
10.2163
9.28311
2.64325
5.73039
0.724608
0.724608
8.02556
2.60899
6.42214
6.42214
7.25603
0.13957
7.85664
6.70675
6.70675
11.7818
7.92866
1.04341e-07
11.6093
-1.31709e-09
-1.31709e-09
12.0381
11.5943
3.05948
1.19209e-07
11.5943
1.19209e-07
1.19209e-07
1.16172
8.07011
8.07011
11.6019
0.13957
0.13957
14.013
10.4989
3.93961
6.01545
6.01545
0
15.0048
6.5588
-6.58545e-10
9.19963
0
0
20.8736
3.53273
3.53273
0.13957
16.2978
5.1216
0.13957
5.1216
4.41903
0.141099
0.141099
10.2632
2.20355
2.20355
4.33646
4.33646
1.90735e-06
1.90735e-06
1.1843
-2.98023e-08
-2.98023e-08
12.98
-1.68587e-07
-1.68587e-07
3.94124
3.19
3.19
5.53666
2.83568
2.62892
0.13957
3.79425
4.60935
4.60935
3.57066
4.45419
4.45419
0.333905
0.13957
0.13957
6.59884
4.79736
0.13957
4.79736
2.99778
2.55094
3.49609
5.04215
8.04901
0.13957
6.46664
0.13957
0.13957
10.0093
8.92155
-7.30005e-08
-7.30005e-08
0.13957
7.04698
8.88555
-1.19209e-07
14.696
1.45781
1.45781
4.81433
0.13957
7.80429
6.15013
0.13957
3.52734
5.60536
5.60536
0.13957
12.2743
1.76452
2.38053
4.08483
5.75431
0
8.03299
3.93831
0.428866
3.93831
-4.76837e-07
3.51922
4.75345
0
1.94735
4.88592
7.03613
1.48983
2.65585
0.13957
3.40809
5.71942
5.71942
0.13957
14.1019
0.13957
2.96591
8.45924
2.66903
4.6234
4.6234
0.13957
0.13957
4.27223
0.13957
9.5912
0.13957
0.13957
6.6754
5.66433
5.66433
9.17626
6.0459
-1.31709e-09
-1.31709e-09
3.72146
2.04292
2.04292
0.13957
7.10602
10.4092
10.7584
1.87545
1.87545
6.44228
3.40081
3.40081
23.2001
5.2497
0.13957
0.13957
4.66037
4.04482
4.04482
0.13957
9.50464
1.67462
1.67462
7.60602
0.13957
0.13957
0.13957
4.13366
-4.21468e-08
-4.21468e-08
12.8452
0.13957
0.13957
2.96072
3.40177
3.40177
4.45825
0.13957
4.43974
4.90735
5.47099
5.47099
7.75687
3.57331
2.19899e-08
2.19899e-08
6.98306
1.85047
0.13957
1.25522
5.16557
2.96892
0.13957
0.13957
0.13957
3.02918
0.13957
0.13957
6.73722
4.6032
6.37553
8.49857
0.13957
4.59372
0.13957
4.59372
23.6329
11.8125
0.13957
7.90435
3.64959
3.64959
6.62825
0.13957
0.13957
16.6837
5.59228
0.13957
3.56383
4.45923
4.45923
0.13957
10.6721
3.28921
3.28921
7.73858
5.4383
5.4383
0.298768
4.88431
4.88431
0.13957
7.48734
0.13957
6.20841
0.13957
2.52871
4.69059
4.69059
7.18345
8.42401
8.42401
0.139656
3.22941
5.247
2.90536
0
0
1.39504
4.06469
4.06469
5.77945
3.37175e-07
3.37175e-07
16.5577
4.66878
4.66878
0.13957
8.39767
11.4609
10.7751
2.68261
0.13957
0.13957
0.996372
0.13957
15.8338
0.13957
1.49012e-08
0.13957
7.53325
0.13957
7.71583
12.1101
5.02428
5.02428
2.88053
5.53985
5.53985
-4.65661e-10
0.13957
2.60193
2.60193
6.48422
1.08721
1.08721
4.40657
5.1354
6.8141
6.8141
2.56972
0.13957
0.13957
14.6327
8.85178
8.85178
0.13957
0.13957
4.81882
4.81882
13.2737
6.07003
0.13957
6.07003
9.96187
0.13957
3.59358
8.44915
7.7834
7.7834
5.19479
7.11753
7.11753
0.13957
20.862
4.76006
4.76006
0.13957
0.13957
2.85617
5.43365
5.43365
5.12856
0.13957
8.42937e-08
8.40851
4.76505
-1.3487e-06
8.00907
9.27121
9.27121
2.31586
0.13957
0.13957
7.86918
1.44522
5.83119
1.44522
5.83119
18.7612
5.16209
0
5.16209
2.65474
8.11612
8.11612
5.8339
4.93077
12.3175
8.84651
8.10324
3.40015
0.13957
2.6015
0.13957
0.13957
40.6144
10.1239
4.80826
0.13957
4.80826
0.13957
11.7106
0.13957
0.13957
19.1389
0.13957
0.13957
10.0474
4.89137
0.13957
13.7329
0.13957
0.13957
9.56093
3.04972
0.13957
0.13957
0.13957
0.13957
0.13957
0.13957
1.34493
4.03873
5.91666
12.1166
4.21468e-08
4.5605
0.13957
0.13957
9.03568
6.49742
0.13957
7.12739
0.13957
0.13957
10.1572
3.81183
3.81183
64.0112
4.85096
4.85096
0.13957
6.96276
3.0914
2.36806
0.13957
0.13957
5.35823
10.1621
10.1621
4.44194
11.8944
0.13957
0.13957
4.87694
3.79763
0.13957
11.7603
0.13957
0.13957
15.0677
6.86483
0.13957
8.3285
4.71382
0.13957
4.71382
0.13957
3.97777
2.62658
5.16191e-08
5.16191e-08
6.01533
8.33368
0.13957
8.33368
16.7916
3.85572
0.13957
3.85572
34.8221
0.13957
0.13957
1.91647
0.13957
0.13957
7.7395
0.13957
2.11421
0.13957
0.13957
6.35828
6.71728
0.13957
10.1323
2.80345
5.29895
2.80345
5.29895
11.2645
0.44738
0.44738
0.258813
6.94348
6.94348
0.13957
0.13957
0.13957
12.0085
0.13957
0.13957
6.72958
0.13957
0.13957
0.13957
0.13957
0.13957
10.0532
4.46298
0.573485
4.46298
6.33249
2.6114
2.6114
14.0342
5.74921
2.15627
5.74921
0.13957
7.64331
7.85992
7.85992
0.13957
5.13623
6.92223
6.92223
0.13957
1.08655
7.37341
7.37341
21.4931
3.72935
3.72935
0.13957
6.73793
0.13957
3.81105
0.13957
0.13957
3.87195
5.30828
5.30828
5.98525
8.71946
1.49012e-08
5.13858
2.16974
2.44221
2.16974
2.44221
11.9016
4.98904
0.13957
4.98904
24.8075
0.443215
0.443215
5.10632
6.27919
6.27919
0.13957
5.71432
-9.31323e-10
-9.31323e-10
6.01756
3.95896
11.361
3.63016
3.63016
0.13957
5.36803
3.002
8.08758
5.1431
5.1431
-1.03238e-07
-1.03238e-07
9.93832
8.44167
0.13957
8.44167
0.13957
0.501677
0.688917
0.688917
16.2721
4.55202
4.55202
32.7604
13.4191
4.70982
13.4191
5.25212
5.25212
0.13957
27.4161
0.13957
0.13957
6.2319
6.2319
4.66389
4.11885
7.27864
3.18071
0.13957
0.13957
15.2771
-4.21468e-08
-4.21468e-08
0.260815
5.36429
5.36429
0.13957
5.23668
7.31144
2.38419e-07
0.13957
0
0
9.90407
2.61287
2.61287
4.07306
1.78361
1.78361
7.82166
7.09561
0.13957
7.09561
0.13957
2.97234
3.31357
3.31357
0.13957
4.90939
9.29566
13.9553
13.7329
13.7329
0
3.72016
4.81057
4.81057
4.32393
2.77263
2.77263
0.13957
10.9211
0.13957
4.00631
0.13957
0.13957
9.83092
0.13957
4.3942
7.14834
7.14834
6.86148
4.61318
4.61318
0.13957
9.92692
6.86785
6.86785
0.13957
4.87527
3.07849
0.13957
0.13957
3.05469
0.145051
-9.31323e-10
16.5679
7.12084
7.12084
16.2593
1.15764
0.13957
11.4305
10.4721
4.78292
14.1362
14.1362
4.76631
0.13957
11.2333
5.00689
5.00689
13.6884
8.56027
5.2942
3.95178
0.206567
-1.98002e-08
-1.98002e-08
7.41619
3.98539
6.16458
0.13957
0.13957
9.3235
5.77321
5.77321
7.75732
10.9507
6.35063
0.141688
6.71005
6.71005
5.86818
0.13957
0.13957
23.7914
15.9372
7.10255
5.97758
0.558361
5.8114
0.13957
2.08348
7.51084
7.51084
0.13957
-1.19209e-07
-1.19209e-07
4.12895
0.13957
2.59365
-1.16801e-06
-1.16801e-06
4.51684
3.41054
3.41054
0.13957
0.139996
3.09886
8.89172
0.13957
0.13957
3.98475
5.35096
0.13957
0.13957
0.13957
0.13957
0.13957
7.80346
3.46959
3.46959
5.56247
4.09607
0.13957
3.22658
0.13957
7.89797
4.66345
4.66345
0.13957
4.11866
6.67982
6.67982
9.96961
3.56973
0
3.56973
0
7.94584
2.75988
2.75988
13.1236
0.13957
0.13957
0.13957
8.18303
8.18303
11.9086
6.05335
6.05335
5.53325
0.13957
2.91435
5.46837
5.46837
10.7906
5.54431
0.13957
12.4236
3.61972
3.61972
0.13957
8.92823
0.13957
0.13957
0.13957
4.86942
4.51692
0.13957
6.60447
6.02065
6.02065
0.13957
7.79168
6.02086
5.06131
5.06131
0.13957
5.13504
0.13957
0.13957
13.6141
9.27008
10.3285
0.13957
11.3119
1.0711
4.2754
4.2754
-8.23181e-11
0.339055
0.13957
18.9139
8.53301
8.53301
0.13957
5.44562
0.13957
8.98043
4.99344
-4.76837e-07
0.13957
11.7975
11.7975
10.9504
0.13957
3.85109
7.11107
7.11107
0.13957
0.13957
6.85795
9.0798
6.58545e-10
6.58545e-10
6.20657
6.67662
4.89233
15.5696
8.23983
8.23983
5.15117
3.56501
3.56501
8.42937e-08
7.28021
5.69864
1.42267
4.87021
5.15894
5.15894
0.13957
2.33318
2.33318
0.13957
8.21005
4.00554
4.00554
0
0.883412
0.13957
0.13957
3.9981
7.29526
0.13957
7.29526
0.13957
5.51447
3.94971
3.94971
4.31411
5.66418
5.66418
7.89316
6.57161
6.57161
5.55057
-2.38419e-07
-2.38419e-07
0.13957
15.3231
0.13957
0.13957
0
9.38888
0.360289
0.360289
9.6124
0.13957
0.483833
7.00791
7.00791
0.13957
9.24554
8.59763
4.80062
4.80062
33.4623
2.6638
-1.31709e-09
-1.31709e-09
7.53226
0.591043
-5.96046e-08
-5.96046e-08
8.23633
3.57529
3.57529
0.13957
23.0616
11.7157
0.13957
8.76759
4.08292
4.08292
7.35871
0.13957
0.13957
0.13957
4.50225
3.876
0.13957
12.3416
1.95466
1.95466
8.46007
1.98739
1.98739
10.7922
13.503
4.97073
0.13957
4.02458
5.50345
5.50345
0.13957
0.13957
6.59417
1.97757
7.65983
8.29094
8.29094
7.16096
12.3449
0.13957
6.36894
1.42428
0.13957
1.42428
11.5678
10.2522
7.43444
7.43444
0.13957
0.13957
5.05089
5.05089
0.790519
0.13957
0.13957
8.11285
0.470234
6.14172
2.90464
4.21352
2.41419
2.41419
1.08874
0.13957
5.39596
0.13957
0.13957
6.24989
4.878
5.53747
5.53747
0
0
14.2697
2.01573
3.90469e-10
2.01573
9.10658
1.83666
1.83666
15.0888
5.7686
5.7686
-1.29048e-08
5.63295
8.19561
8.19561
2.06477e-07
5.25591
4.0217
4.0217
4.157
0.13957
8.66442
2.55764
2.55764
0.13957
0.961917
6.78868
6.78868
6.54088
0.63675
0.63675
0.13957
14.606
8.05154
3.98752
0.96999
4.62826
6.36925
0.140447
0.13957
2.39008
6.42141
0.13957
4.8971
9.68139
9.68139
10.0195
4.32398
4.32398
-1.05367e-08
0.13957
4.63414
4.63414
2.94318
3.67287
3.67287
0.13957
6.89444
0.13957
0.13957
1.68899
8.14463
11.6176
5.36346
7.72353
8.03684
8.03684
8.23181e-11
8.23181e-11
12.9812
5.34385
0.13957
2.98447
1.87319
1.87319
4.48283
4.15763
7.05376
7.05376
0.13957
6.02987
4.48461
4.48461
3.56086
-1.86265e-09
-1.86265e-09
3.63744
0.13957
5.78733
0.13957
10.3053
6.73842
6.73842
4.25303
13.499
3.56917
0.13957
3.81572
6.56035
11.0329
7.04647
7.04647
5.40231
7.3773
0.13957
0.13957
0.13957
7.57437
9.79469
0.13957
0.13957
18.1953
4.72228
4.72228
5.1022
0.13957
4.64053
0.13957
0.13957
6.45896
2.59542
7.2422
10.7609
23.4084
8.18114
4.6068
8.18114
4.6068
0.13957
0.13957
0.13957
0.13957
34.925
11.7461
3.32493
0.13957
3.32493
4.51048
20.0852
20.0852
0.13957
3.59574
5.81181
5.81181
5.56007
5.44114
5.44114
6.94695
6.06958
0.13957
0.13957
18.9033
3.80263
0.13957
0.13957
6.69871
5.48866
5.48866
4.36493
7.96779
0.968837
0.968837
2.38419e-07
11.2091
4.29917
4.29917
2.34578
2.33602e-06
0.13957
0.13957
3.59258
4.63371
5.58073
5.14277
15.4472
3.58709
3.58709
4.08271
2.77444
5.63639
5.63639
0.13957
6.42746
9.78478
0.13957
1.55044
2.94995
6.02322
10.2483
5.87016
0.13957
3.68077
0.13957
0.13957
23.0865
4.01514
0.13957
27.733
10.1205
4.98114
4.98114
0
5.37884
0.13957
0.13957
4.17533
1.70838
8.78702
0.13957
8.66355
6.01694
4.62711
4.62711
0
11.1591
2.84486
2.91038e-11
9.5904
6.03496
0.13957
6.03496
9.60627
0.676858
4.53887
26.3087
4.41383
4.41383
0.158318
1.91849
-1.31709e-09
1.4796
0.13957
0.13957
7.94282
3.48137
9.37107
7.31345
1.58876
5.02514
5.31139
8.98529
8.98529
0.13957
7.69892
4.25877
0.13957
3.46827
4.19884
4.19884
5.37986
4.40242
2.17972
2.17972
-2.98023e-08
10.498
7.05192
3.99756
4.37515
4.37515
-1.16415e-10
7.78367
0.13957
-5.16191e-08
-5.16191e-08
5.84793
3.45124
12.0262
13.0168
4.65201
1.99608
0.13957
0.13957
10.5658
7.18079
3.93777
7.18079
3.93777
6.34148
4.68168
10.6994
13.1551
0.13957
0.13957
13.1086
3.00024
3.00024
13.9909
0.13957
0.13957
15.329
9.51003
4.9811
4.9811
25.9015
0.13957
0.13957
0.13957
1.8409
8.62054
8.62054
0.13957
0.13957
0.13957
5.63558
5.63558
10.6037
10.1036
0.13957
6.04955
2.67218
2.67218
0.13957
0.149368
0.13957
0.13957
7.85732
6.96137
0.13957
5.01683
5.01683
2.65854
7.88781
0.13957
8.03239
0.13957
0.13957
14.2475
6.17656
1.60554
0.13957
4.14152
6.18588
-4.165e-09
-4.165e-09
4.49163
6.51107
6.51107
5.84371
8.05032
5.31593
5.31593
4.86593
4.86593
0.13957
0.13957
0.13957
8.82913
4.7739
0.13957
8.19802
0.13957
10.4044
11.7995
5.28381
14.8725
6.16898
6.16898
3.53237
0.554935
11.4013
11.4013
4.21468e-08
3.00059
0.13957
10.1741
6.63828
4.63753e-12
4.63753e-12
28.2543
2.98205
2.98205
13.0354
11.3682
11.3682
0.13957
2.58414
4.09101
4.48569
0.13957
8.96193
4.30496
4.30496
2.32831e-10
4.2468
4.17176
4.17176
9.11819
6.88984
6.88984
4.72271
8.71243
8.71243
5.5871
10.7818
10.7818
0.13957
10.3641
5.53229
0.13957
5.3011
0.13957
0.13957
2.54377
4.94638
4.94638
0.13957
27.1607
2.80016
0.13957
10.8631
0.13957
0.13957
0.13957
6.87249
6.87249
10.7813
0.13957
0.13957
22.0159
2.02088
0.13957
2.89306
0.13957
0.17201
4.5566
4.5566
4.72839
8.36538
8.36538
9.13773
7.94015
0
7.68191
8.19718
0.13957
2.10331
0.13957
0.13957
10.9769
2.75158
5.2791
5.53634
0.13957
0.13957
5.86316
7.84343
5.87706
5.87706
4.42565
9.5348
6.87401
8.33295
6.21306
8.33295
0.13957
0.13957
4.47338
0
0
2.87218
5.57558
5.57558
14.979
0.13957
6.45481
4.1563
0.139576
0.139576
5.04093e-11
0.889783
3.9911
11.4032
8.16279
0.13957
6.84135
4.6359
0.13957
17.9648
6.50826
6.50826
5.3125
0
6.58189
5.33352
5.33352
7.59037
15.9713
0.13957
9.33216
1.67829
1.67829
0.13957
6.71901
8.2249
27.8766
2.62104
2.62104
11.525
11.8492
2.87797
0.150116
0.238584
2.05795e-11
26.1495
13.5507
0.13957
0.13957
13.4491
5.7331
5.7331
0.141934
6.88009
2.17762
3.03294
13.031
12.8146
6.28486
0
0.13957
11.7759
7.68701
11.7759
5.53241
7.31637
7.31637
-4.14831e-08
9.37761
6.39691
4.07406
6.39691
1.889
7.913
7.913
5.26106
2.48541
10.8063
0.13957
0.13957
12.2042
0.13957
0.13957
13.7061
1.30918
2.38419e-07
10.1727
0.13957
6.93832
0.13957
22.6663
6.16007
6.16007
9.32315
11.0447
4.68038
0
4.68038
0
5.58112
1.11154
0.13957
4.45518
5.49807
2.53696
4.49528
6.7435e-07
6.60643
9.27741
6.43784
6.43784
0.13957
10.8176
0.13957
0.13957
1.93476
1.68725
1.68725
7.08785e-08
6.80079
0.651215
5.69737
5.69737
5.85685
8.40659
7.95389
0.13957
7.95389
0.13957
3.63142
3.1555
4.87401
6.27082
3.91408
3.98693
0.13957
0.13957
4.41558
4.41558
2.28669
0.13957
0.13957
0.13957
13.2743
13.2743
10.9789
0.13957
0.13957
17.7719
3.77625
0.13957
4.13034
15.1026
15.1026
5.25282
7.85952
5.8459
5.8459
9.09858
4.51613
0.13957
4.43371
3.69832
3.69832
0.13957
0.13957
0.13957
1.02457
0.333216
0.333216
0.139954
0.13957
0.13957
0.13957
3.73988
3.73988
0.13957
6.80378
0.13957
0.13957
4.15459
6.17833
6.17833
8.85292
1.25128
1.25128
9.8939
1.666e-08
1.62943
4.70673
4.70673
0.13957
12.2419
2.52564
2.52564
10.3467
8.49838
8.49838
5.73699
0.13957
19.3957
0.13957
0.13957
0.13957
0.13957
0.998401
3.79752
3.98243
3.98243
9.17762
1.36229
1.36229
7.42293
6.24032
0.13957
11.6536
1.19209e-07
1.19209e-07
0.703246
4.75005
4.75005
13.4229
3.31295
6.6126
4.9787
0.13957
4.9787
0.13957
25.613
0.13957
5.65016
1.59115
1.74215
17.2691
7.22031
7.22031
1.78625
0.13957
0.13957
4.33633
0.13957
10.3343
0.200042
1.40865
10.6347
10.6347
0.13957
5.24244
6.6516
6.78887
0.13957
5.18176
7.03498
3.47289
14.9392
0.171956
11.3185
10.1402
0.13957
0.13957
0.171956
10.1402
10.1402
0.13957
2.88017
7.80077
7.96683
0.190898
3.85509
5.588
5.588
0.13957
5.73589
5.73589
1.88859
0.13957
0.13957
14.4017
14.4704
5.50315
0.13957
5.50315
0.13957
7.87091
4.63413
4.63413
0.13957
0.176903
0.13957
11.0156
0.204008
0.13957
0.13957
9.48694
18.0259
18.0259
11.5653
0.13957
0.13957
4.44553
5.00086
5.00086
-9.12506e-09
11.5495
-5.26836e-09
-5.26836e-09
10.2017
4.68715
4.68715
3.58034
1.41466
11.3324
8.68257
8.68257
0.13957
9.20983
4.40958
0.13957
4.40958
6.88438
7.97285
7.97285
3.51624
0.13957
0.13957
13.7477
-1.19209e-07
0.13957
0.13957
0.13957
2.78874
5.60684
5.60684
9.06659
0.13957
0.13957
3.85582
0.13957
12.1073
3.35415
3.35415
1.53731
8.33901
3.02305
11.0225
16.8196
-1.49012e-08
-1.49012e-08
1.2037
0.13957
0.13957
8.63159
0.13957
0.13957
13.8196
7.43668
7.43668
7.5056
3.71167
5.11263
3.71167
6.21891
0.14014
9.12506e-09
9.12506e-09
0.13957
6.93359
1.31709e-09
1.31709e-09
6.71877
5.80131
5.80131
16.8046
10.2367
6.65448
0.13957
10.2367
6.65448
7.73108
3.95693
3.95693
5.20158
0.13957
0.13957
9.68337
0.13957
0.13957
9.80551
5.11877
5.11877
0.13957
11.3177
4.74844
4.74844
2.75479
1.78224e-11
1.57948
4.09599
4.09599
0.13957
4.07433
2.30395
5.10065
5.10065
3.31976
5.96185
5.96185
6.43185
4.2833
4.2833
0.13957
9.39403
0.13957
0.13957
12.1273
8.60603
1.36773
4.21703
0.13957
0.13957
7.27381
9.92876
9.92876
0.13957
8.47931
5.36042
3.18956
5.36042
4.82305
4.25252
4.25252
6.54759
6.44375
0.13957
0.13957
0.13957
6.26576
5.86173
0.13957
4.2047
6.78491
0.13957
0.13957
0.13957
8.71353
8.71353
2.10907
5.54857
12.7763
6.50544
0.405194
0.13957
6.50544
5.05659
5.06646
5.06646
0.13957
1.67167
0.13957
0.851808
5.70586
7.51232
4.52673
4.52673
11.9697
5.09187
0.13957
10.4716
3.11797
3.11797
11.031
7.60563
7.60563
0.13957
3.45785
0.13957
0.13957
5.45272
0.13957
0.13957
9.0203
2.05335
0.13957
2.05335
4.7547
6.27726
6.27726
16.4477
2.55053
0.13957
5.36371
0.13957
6.43038
7.716
6.27014
5.95207
0.13957
0.13957
1.08213
8.3599
8.3599
7.02231
0.13957
0.13957
12.6541
0.13957
0.13957
11.6615
0.147225
-1.68587e-07
0.147225
13.1468
0.71694
0.71694
13.7391
0.917571
0.13957
6.33156
0.210325
0.210325
-2.6974e-06
6.92024
5.56632
0.13957
6.49203
4.13211
4.91227
5.03341
0.13957
0.13957
10.4742
2.65355
2.65355
4.73517
5.1374
6.86188
6.86188
9.37765
0.13957
10.7976
11.1463
11.1463
7.62208
8.3253
0.514624
0.514624
0.13957
17.6401
3.30259
3.30259
0.13957
15.8916
8.01883
2.10734e-08
4.29513
5.97217
5.2413
9.90752
3.26287
3.26287
6.04895
12.4578
12.4578
0.13957
11.4401
0.13957
0.13957
4.78524
4.37406
0.13957
4.37406
1.27096
5.13593
5.13593
5.86687
0.13957
5.22132
0.13957
15.6328
8.88876
8.88876
0.13957
0.13957
7.34528
4.40604
4.40604
12.655
7.98687
0
0.13957
9.93292
4.37412
4.37412
0.13957
1.89217
1.87364
0.13957
9.43731
12.801
0.525813
0.525813
71.8689
0.13957
44.5578
3.11226
0.13957
3.11226
7.00994
0.13957
0.13957
6.01268
1.84062
1.84062
8.61089
5.67149
5.70694
6.97566
6.97566
5.33334
0.13957
3.72143
0.13957
0.13957
11.3775
8.99682
6.74908
6.64377
5.596
0.13957
0.13957
5.0922
4.53566
0.13957
0.13957
7.65976
5.53046
5.53046
0.13957
3.83234
7.04035
7.04035
4.12545
4.59074
4.59074
11.8397
3.70322
5.71752
8.79176
10.284
0.13957
0.13957
9.15265
5.44882
5.44882
0.13957
0.13957
6.13503
7.17043
7.17043
11.3445
3.49059
3.49059
6.54562
0.13957
0.152275
3.80397
3.80397
7.83298
0.13957
0.13957
3.07044
14.5789
-5.96046e-08
9.38378
5.92621
5.92621
17.6604
9.46195
9.46195
4.22914
9.59954
7.74536
14.8112
7.84952
7.84952
4.04966
0.13957
12.6772
7.94422
5.77915
7.94422
5.77915
5.38663
0.13957
10.657
3.40703
1.98353
3.40703
1.98353
6.87321
8.43185
8.43185
3.35978
0.139874
6.0909
6.0909
0.13957
12.7704
2.5875
2.5875
2.46706
6.22841
6.22841
10.5661
1.37427
1.37427
0.139875
0.20521
0.13957
8.85146
1.34194
1.34194
0.13957
16.1196
20.5176
5.56975
12.9821
7.51544
1.23202e-09
12.5068
6.5331
6.5331
4.36437
0.13957
10.824
6.71641
0.13957
9.15028
3.06854
3.06854
0.13957
5.90053
3.99434
3.99434
11.1779
-2.98023e-08
-2.98023e-08
2.39438
10.0694
10.0694
0.13957
15.3263
1.76835
6.71698
9.76901
9.76901
8.83391
7.49614
0.13957
0.13957
0.190495
4.52978
4.52978
-3.2262e-09
6.15381
0.13957
3.1883
5.92886
5.92886
0.13957
3.3039
8.41625
8.41625
0.13957
9.02705
2.21183
2.21183
2.60244
0.13957
0.13957
11.9175
0.13957
0.13957
0.13957
11.5964
8.45631
8.45631
1.83096
7.7834
7.7834
0.13957
15.2505
9.22986
2.3069
0.13957
2.3069
6.27971
3.34401
3.34401
4.38364
-4.65661e-10
10.9548
0.13957
10.2177
6.47377
-3.41273e-11
0.920626
5.70276
5.70276
0.13957
0.13957
0.13957
6.22844
1.39231
0.13957
11.5636
10.0332
3.52967
3.52967
5.62166
2.8837
2.12521
3.51479
5.55127
3.51479
5.28669
4.15375
0.13957
0.13957
10.486
5.53921
6.22655
0
0.13957
0.13957
0.13957
6.80392
2.80995
2.80995
1.03238e-07
14.0064
6.60443
1.70674
6.60443
-3.72529e-09
-3.72529e-09
10.2529
2.97243
0
2.97243
5.99973
4.74705
0.13957
0.505148
0.13957
0.13957
10.4756
2.0843
-1.86265e-09
-1.86265e-09
9.80178
1.49012e-08
6.94192
9.01248
0.13957
7.53643
7.59543
0.13957
4.41792
5.88788
5.88788
0.13957
4.9471
10.0095
10.0095
9.46149
9.23401
6.39213
6.39213
0.13957
2.82327
8.45737
8.45737
0.13957
5.57426
7.59004
7.59004
0.13957
0.139624
0.13957
0.13957
7.56952
0.13957
0.13957
2.10146
4.29074
0.13957
9.44424
4.67205
4.67205
12.0681
5.76282
0.787145
1.72879
1.72879
0.13957
2.0667
2.0667
3.76088
0.13957
0.13957
5.34679
6.83511
6.83511
14.1042
7.35716
7.35716
5.19228
1.69928
0.140299
0.140299
-4.81259e-12
6.37713
6.45906
6.45906
11.474
14.8293
14.8293
0.13957
12.7995
7.89349
6.83402
0.633324
0.463901
5.33002
5.33002
17.3345
0.13957
0.13957
9.7245
0
0
0.144575
1.02625
4.60172e-11
7.92509
0.13957
0.13957
3.63698
0.13957
9.37251
0.13957
0.13957
11.3574
13.5893
13.5893
2.81291
4.22237
0.13957
0.13957
3.78425
10.9419
10.9419
0.739916
0
0
14.0407
3.09429
3.09429
4.28158
5.55295
5.55295
5.07217
-1.05367e-08
28.7971
5.29626
0.13957
2.20666
0.13957
12.5542
7.18533
7.18533
15.5057
8.96554
8.96554
6.03537
0.13957
0.13957
10.8166
4.58456
3.66946
3.66946
0.13957
0.13957
0.13957
0.13957
0.13957
6.01185
5.31131
5.31131
10.0028
0.2049
2.4583
0.13957
0.13957
2.45321
7.85618
7.85618
0.13957
6.3476
6.3476
0
2.26082
1.50111
1.50111
8.62373
11.3145
0.13957
9.92928
2.89587
9.43522
0.139661
0.13957
0.139661
0.13957
24.6166
6.12644
4.02219
14.1587
0.13957
2.80064
6.86056
6.86056
0.13957
2.78225
6.81498
6.81498
10.4574
5.95726
1.42579e-10
5.95726
1.42579e-10
23.3195
0.823862
0.823862
0.13957
11.9892
3.41862
6.96627
6.96627
-5.96046e-08
11.9218
12.9555
0.13957
12.623
8.15426
2.6886
5.37004
1.77705
1.77705
14.2637
3.51884
3.51884
0.13957
5.83798
0.13957
0.13957
3.68341
0.13957
0
0
0.642253
0.13957
0.13957
10.0627
0
0
0.13957
5.12644
5.12644
0.13957
1.95316
5.06461
5.06461
0.13957
8.31186
10.5509
0.13957
8.11129
5.59941
2.98023e-08
5.59941
3.55534
3.17783
-3.72529e-09
12.8606
7.60021
7.60021
5.01001
0.13957
5.01001
9.70382
6.81329
6.26119
0.13957
5.65145
1.66914
-2.35608e-08
6.46499
4.772
0.13957
5.78221
7.28031
7.28031
4.47211
4.47211
9.60668
5.42382
4.9405
-9.31323e-10
4.61963
5.62636
5.62636
0.377106
0.39592
5.24185
3.70544
2.83306
2.83306
0
5.99475
12.9678
12.9678
5.21542
0.13957
12.479
7.06159
7.06159
9.84017
0.13957
11.3784
2.4653
4.06223
2.4653
5.24073
0.13957
0.13957
10.5055
2.50706
6.62818
2.50706
6.62818
0.13957
0.13957
12.9596
9.31331
9.31331
3.95945
28.6196
4.38378
0.13957
4.66672
4.66672
8.2387
0.13983
0.13983
26.5687
11.1152
0.13957
0.13957
12.0105
7.95284
7.95284
7.1236
3.33931
3.33931
1.89953e-08
2.25561
4.08242
4.08242
3.76961
12.5392
10.9195
10.9195
6.03179
0.13957
7.35783
0.13957
0.13957
12.3777
0.13957
0.13957
8.72868
0.139678
-1.90735e-06
0.139678
6.95407
0.376733
0.376733
0.13957
4.91076
9.33466
9.33466
4.82269
3.95789
3.95789
0.13957
1.84433
1.84433
0.13957
3.49304
6.4736
6.4736
-3.48469e-09
15.1801
5.95519
5.95519
5.92394
0.13957
8.61133
1.95429
1.95429
-1.3328e-07
14.272
14.6251
0.13957
14.6251
5.41732
4.36615
8.23311
0.13957
7.03974
10.4661
10.4661
7.05766
6.73515
0.13957
7.12268
3.88406
1.43826
1.42119
0
1.42119
4.47785
7.78085
3.85867
11.3493
8.74593
8.74593
9.70406
12.0306
5.67531
5.67531
7.37564
9.68359
1.90735e-06
7.07642
5.78974
5.78974
23.4832
9.42106
0.13957
20.853
1.56972
-5.26836e-09
-5.26836e-09
6.93874
9.28838
1.01726
10.2384
1.80724
1.80724
8.12069
6.80584
6.80584
5.60334
6.26535
7.75504
7.75504
10.4773
0.13957
0.13957
0.311108
7.72082
7.72082
1.96496
0.13957
0.13957
8.32435
2.22631
2.22631
12.6333
0.13957
0.13957
3.05436
0.528987
0.528987
13.3138
7.26465
5.25841
11.5053
5.35458
5.35458
2.91375
2.23425
2.23425
1.76205
0.13957
27.4142
0.13957
3.75941
0.13957
4.85371
4.14215
3.56381
3.56381
3.08865
0.13957
0.13957
8.44301
4.49822
4.92681
4.92681
0.13957
9.91312
0.13957
0.82445
5.17964
4.10538
8.96346
8.96346
11.868
11.4937
0.13957
3.40446
0.13957
0.13957
0.265745
0
0
12.0063
3.49471
0.13957
5.58535
0.13957
0.13957
10.6473
3.37748
3.37748
6.04768
0.687312
0.13957
1.2603
5.28683
5.28683
15.0153
1.74096
-1.49012e-08
3.99125
0.13957
0.13957
6.67623
0.13957
0.13957
24.6921
0.13957
0.13957
2.03756
0.13957
0.13957
6.41952
2.26322
2.26322
0.13957
11.3035
1.30401
1.30401
0
0
4.82487
1.28389
7.96897
5.77988
5.77988
2.29527
0.13957
0.13957
7.64981
4.96964
4.96964
0.13957
4.01538
3.70042
0.13957
7.12618
3.67548
7.88386
3.67548
7.88386
4.8742
4.24812
4.24812
6.80262
20.4866
2.82101
5.04706
2.82101
5.04706
6.8823
2.47332
0.13957
0.879371
0.13957
0.13957
0.555374
4.13554
0.13957
0.13957
2.13186
9.14075
0.13957
0.13957
6.77986
2.49149
2.49149
0.13957
5.38533
5.58737
5.58737
6.18031
3.23945
3.23945
10.0309
6.08471
1.16935
6.08471
3.63846
0.13957
0.13957
10.0116
0
0
5.47196
5.43256
5.43256
15.1295
2.3176
2.3176
6.90293
2.53931
0.13957
0.13957
15.0383
3.715
3.715
0.13957
15.5208
7.51084
7.51084
0.13957
0.13957
7.56662
0.13957
15.1145
7.20066
0
0
3.67992
0
6.61775
7.12772
0.13957
3.86042
2.94682
2.94682
7.97226
0.13957
0.13957
0.13957
0.390802
0.13957
8.47128
0.13957
11.5656
4.00722
6.79343
4.13748
0.13957
4.16905
7.23134
4.47139
0.13957
0.13957
5.48016
7.42667
7.42667
0.13957
7.50952
9.60083
9.60083
0.13957
4.42353
4.05954e-09
4.05954e-09
0.865469
4.18536
4.18536
3.59526
0.13957
0.13957
5.49755
1.61998
1.61998
9.66043
5.23296
5.23296
0.13957
5.00324
2.87311
4.08474
8.38443
2.31147
2.31147
0.13957
0.13957
5.90895
7.39593
7.91292
3.19394
3.19394
0.13957
11.5974
3.35353
3.35353
6.4502
3.46097
2.07071
0.13957
0.13957
0.714124
3.71409
0
3.71409
19.0139
8.06549e-10
8.06549e-10
38.1415
0.906471
4.67745
0.906471
0.13957
0.13957
23.1975
0.13957
0.13957
0.13957
0.13957
13.0376
6.44796
0.13957
0.13957
1.19209e-07
14.4614
0.13957
0.13957
6.71156
7.8492
10.3317
7.30075
1.05367e-08
7.30075
6.35098
0.979039
0.13957
5.75078
10.3537
10.3537
0.13957
3.97745
2.63732
2.63732
2.81761
3.45008
6.55585
9.78639
11.4107
5.65499
2.64572
0.13957
0.13957
13.9034
7.9705
0.13957
7.9705
0.13957
3.36804
0.13957
0.13957
3.53394
0.13957
0.13957
1.14808
7.26906
7.26906
3.85616
9.54049
0.766686
0.766686
6.21898
6.9917
0.13957
0.13957
2.64234
0.13957
0.13957
-1.49012e-08
16.389
0.13957
0.13957
0.13957
7.06113
0.13957
0.13957
0.13957
15.851
12.6605
15.851
12.6605
1.29048e-08
1.29048e-08
12.7851
3.13432
0.13957
1.31115
6.71104
6.71104
0.13957
1.64665
0.13957
5.57463
5.88073
5.88073
5.29147
0.13957
11.2047
0.13957
0.13957
11.9631
0
0
2.68704
5.66681
5.66681
0.13957
0.13957
7.29844
0.13957
0.13957
6.53375
2.22333
2.22333
0.13957
0.13957
16.1533
2.72014
4.07866
3.78569
7.12534
7.12534
4.54518
4.14639
2.79235
6.40668
0.13957
4.65769
9.97752
9.97752
6.50462
6.33997
13.8798
0.13957
3.8974
3.8974
0.13957
6.84652
0.13957
