52.1471
105.354
136.747
125.02
30.7668
48.843
0.277172
1.01116
86.9457
309.313
149.583
1.34883
16.032
28.4493
1.30701
51.8772
53.0498
56.1094
4.14754
2.53493
126.165
141.27
63.9529
13.9971
0
130.834
181.121
181.224
101.537
47.1893
123.606
19.4621
0.150674
39.1706
56.0769
153.389
162.085
178.672
154.048
8.52612
3.98946
103.446
109.973
112.708
1.00401
117.144
40.4782
34.2235
168.359
19.0701
10.2071
45.1149
35.8458
32.8195
53.0513
13.8394
87.1209
25.8631
83.4902
118.339
140.148
86.2817
34.2332
0
124.373
137.688
155.187
56.1487
0
57.495
5.90729
20.3597
122.732
173.237
175.802
27.0306
50.0956
52.6612
0.597616
181.101
210.452
103.376
12.1598
1.60867
139.784
151.667
161.737
58.2965
4.87149
23.0567
1.32478
8.23246
12.3614
47.7025
5.07144
2.11865
75.4546
39.8437
5.80216
103.221
104.273
37.2819
144.163
16.889
39.7454
27.0434
79.5395
151.906
80.6406
71.2649
104.974
0.200771
165.546
168.801
62.557
53.1343
0
107.842
1.41683
134.972
127.53
92.6428
62.5624
27.1826
49.409
30.4116
103.897
110.359
131.21
1.46171
4.20703
32.1515
95.4551
95.4971
99.9236
1.7402
37.285
4.68693
65.3919
66.1641
27.2884
72.4144
130.51
84.2893
46.2737
47.988
68.8548
95.6313
98.5274
69.5803
26.051
148.912
36.6985
53.7784
0.18023
31.0431
48.0878
91.0802
98.9142
27.1001
16.6952
67.5216
87.4076
19.5365
65.012
0.605556
40.0251
5.30599
75.0219
67.9835
90.7985
46.0281
15.912
38.6954
33.9952
362.907
79.9975
0.0460144
4.97201
143.35
80.053
40.7263
5.90537
7.41974
28.4336
1.61303
97.6075
110.86
19.6298
0.356809
66.4108
29.6806
29.6806
18.0554
1.3033
60.7157
0
63.442
94.1374
0
0.434326
1.47027
102.823
104.327
105.137
75.3252
3.03736
25.8534
173.925
188.68
194.044
174.331
14.6424
2.51346
118.095
118.506
5.34123
166.927
191.483
164.457
2.58675
33.1911
20.8933
67.7938
70.4127
2.22624
92.0418
0.515867
0.495337
28.2717
146.287
166.355
172.037
4.57234
8.59956
0.453449
33.7528
92.4106
171.502
0.597048
1.12007
248.037
58.9308
55.5178
38.3775
1.50234
36.7059
40.9626
106.428
17.0193
0
88.1603
335.821
74.8625
9.47835
95.6257
74.7724
5.94557
23.9495
35.5297
139.595
21.4644
98.0099
0.0465594
0.184586
168.256
2.80302e-05
22.9711
89.043
2.46189
0.699832
0.847699
97.0047
116.96
137.109
93.7467
25.0034
0.723927
119.154
160.982
110.735
3.90498
23.9325
47.7816
70.0018
58.548
13.6773
107.333
0.169229
95.6543
3.14704
138.812
77.343
0.939375
47.909
70.0066
74.0573
2.72609
22.0975
26.1483
99.9068
45.5869
47.0925
153.772
21.1834
58.4855
5.09548
36.3534
0.367355
50.4367
1.35271
69.2813
1.04635
131.006
106.278
0.729651
32.488
114.27
35.3831
78.281
116.04
128.184
44.3646
1.25318
44.1118
0
112.435
130.733
144.926
97.3986
5.68463
45.793
4.23342
1.50218
1.40903
110.041
128.686
130.236
1.05676
33.528
99.6141
0.678958
81.005
1.44534
180.482
42.8091
21.8144
46.5994
63.5961
36.6955
9.964
91.1826
45.6927
18.3334
37.6993
40.8144
14.2116
113.586
117.952
121.067
50.816
12.8635
35.3266
5.63245
0.469215
2.59198
43.198
38.7259
81.7305
113.529
82.9077
31.1412
113.096
75.6824
0.175784
71.737
102.18
0.373234
0.232162
117.878
2.82561
21.1184
15.3277
21.1949
30.2976
55.9593
30.4396
25.5196
143.355
50.2255
76.9546
54.7451
63.4279
0.949059
7.11907
30.0593
0
68.2969
91.2371
40.8198
14.5638
0.352962
172.966
208.725
114.338
26.4409
78.1998
3.90296
28.5245
50.9009
49.2316
18.9059
1.60991
1.23062
65.7598
1.68074
0
33.8061
1.52873
14.5827
43.4135
14.5827
28.8307
0.231532
130.745
147.452
53.6931
55.6706
73.1377
8.15442
8.88042
89.8409
67.3938
72.7719
0.731731
20.6805
24.4326
42.023
4.75511
2.26379
4.6677
72.5457
95.6211
111.746
59.0105
1.19441
51.9532
22.3602
61.8016
99.2401
108.177
108.208
0
0.231827
0.162422
12.3601
72.7073
106.266
118.759
35.7157
29.8647
67.0246
0
32.57
55.3676
42.836
0.270079
68.8276
0.51228
42.3233
2.62799
110.881
35.8879
0.858208
7.99458
104.599
3.90025
36.2474
3.68758
88.1335
10.7993
53.4222
90.9361
54.6461
37.162
122.45
6.18495
1.79135
56.5974
135.986
151.401
20.7938
64.6388
15.358
62.842
95.579
164.954
190.156
63.2552
32.3371
126.914
135.335
26.9159
32.9445
0.104365
149.499
56.2594
1.28406
59.0295
103.991
47.2706
38.8398
69.2941
44.4766
50.0206
50.021
30.1591
0.583261
68.4741
0
83.8754
70.3569
44.8368
25.0453
3.62097
1.75009
1.08352
55.6959
58.155
47.0229
0.24299
53.2942
18.4486
28.6604
16.9437
1.17112
95.5823
133.73
79.9417
2.32279
89.7472
127.55
0.798535
59.3074
62.2204
0
120.055
122.968
157.749
67.1571
21.0989
0.0861325
163.219
32.4957
0.278989
19.574
58.471
218.14
1.99042
4.73403
1.59259
53.7463
98.6338
107.696
124.015
136.137
140.06
34.9436
43.9054
52.9677
69.2867
81.4084
85.3313
109.384
0.717952
2.31081
133.98
0.801554
28.8823
45.0653
1.7232
20.3253
0.415431
23.3646
35.6261
369.053
27.8021
125.479
103.109
4.27814
0.0289708
65.0018
0.667556
0.356906
31.3618
95.7343
64.8023
24.6892
1.51796
23.0829
71.2594
61.5688
27.978
8.21758
0
1.46907
73.2284
114.004
67.2885
1.00498
5.62531
56.7493
55.9875
10.403
13.955
45.0258
61.6035
105.091
109.029
13.9081
75.5585
119.046
122.984
135.027
81.3381
8.90789
18.1631
104.564
8.04754
49.073
43.2826
44.4694
0
83.6393
90.9332
69.5198
6.92442
33.4514
60.0851
45.6251
77.618
51.2666
29.8103
0
121.902
142.058
72.9032
5.69817
51.7792
152.913
2.62286
27.8278
38.313
25.7381
67.0961
77.5812
40.7806
2.46767
151.044
52.2723
122.515
1.86113
0.331679
63.4568
9.18692
32.4154
1.37831
60.4897
0.419216
82.4253
101.687
58.183
18.8287
137.678
111.789
8.38521
0.000838987
54.0383
14.4738
95.9991
0.291164
21.4527
69.8208
85.6844
0.483596
114.199
115.843
126.034
27.2723
199.394
201.038
211.229
16.0423
1.04191
1.63536
58.2314
76.5723
48.9547
0.406663
2.15137
126.093
64.5907
18.9798
134.655
59.3607
0.901721
61.4261
1.7057
49.0504
65.7309
80.834
94.3383
94.6697
53.4484
0.85672
27.7507
28.0821
63.3896
18.1016
83.0823
12.6661
2.52899
51.6655
1.26646
1.87005
19.2824
135.503
354.673
123.486
124.206
160.852
23.8758
7.48849
26.9926
115.446
121.024
92.571
0.443026
19.6964
22.2667
111.411
26.4388
15.2382
55.0492
106.769
75.9261
0.597605
0.557127
96.7584
126.743
1.27378
3.32786
0.227451
61.5841
17.7085
86.3876
17.3252
8.80554
15.8705
48.8483
142.916
0
3.4552e-05
106.543
3.5228
43.0102
0.635386
126.148
65.0462
31.0104
606.902
91.6052
181.678
7.46851
54.7017
87.457
88.0572
131.338
25.6085
43.5476
18.1507
140.457
15.7669
37.2576
0.364986
112.817
153.783
166.446
168.803
43.5884
0.287502
14.7317
20.6874
0.0719588
0
44.0862
1.08091
0.873272
20.1374
28.2627
62.668
103.521
59.2701
0
15.7885
0.748507
13.9589
116.918
3.0521
1.36368
12.7635
175.256
167.424
16.1309
1.79147
120.957
136.159
156.323
26.3287
1.56248
49.948
1.88243
13.9203
77.5605
77.7622
82.2185
0.400198
66.2797
66.4813
70.9377
88.9906
25.1487
13.0497
110.585
115.57
17.0367
6.24267
64.2364
58.8147
12.4967
5.5083
127.213
3.43732
1.11253
19.297
25.9471
31.3129
27.7329
35.7918
115.109
36.4849
0.334752
50.4953
128.043
25.6625
0.939109
57.8937
77.4693
99.2933
62.9116
12.1311
79.957
17.8914
0.34449
34.3728
136.065
36.3169
29.8816
80.004
27.3369
10.6625
93.5669
115.236
96.4114
19.3427
56.9578
0.235986
49.8653
0.0245471
89.8523
126.825
1.51937
0.33291
164.93
22.8463
155.378
22.4128
126.304
30.9113
64.2747
196.455
0.687834
2.06719
50.3323
0.654421
45.7202
0.310393
61.2764
151.42
19.5194
0
109.193
42.2254
145.368
64.1874
11.562
65.9918
93.4228
30.2079
46.4624
15.1346
135.399
91.4305
0.824629
1.24624
8.28151
23.4114
65.9782
20.2856
89.8715
70.2101
98.2633
3.80338
69.6689
62.1285
167.932
67.1074
0.00277582
0
0.541964
55.4295
68.3599
76.1265
44.9812
10.7951
72.1936
0.241711
0
43.8035
107.628
33.8916
44.8902
30.4105
3.34317
69.8673
107.231
60.3611
1.22868
130.606
25.2129
66.5465
21.6414
25.3018
0.0313265
0.668319
134.211
68.5429
24.9477
1.20593
8.50854
42.0013
88.448
104.665
95.1697
16.8942
138.146
41.9113
0.784183
10.6879
61.9922
20.854
90.3641
20.9888
69.3753
91.4152
2.12644
31.943
11.915
122.151
32.8231
28.6802
0.26913
0.704337
76.209
4.41459
23.4948
76.1015
96.1831
76.2746
20.0816
5.17349
84.6023
23.5251
0.925324
69.1545
13.6195
88.4202
21.2552
67.165
13.801
56.4483
31.547
35.9387
90.0637
197.039
84.7891
0.0112198
86.5415
40.2266
38.2301
100.864
39.246
62.6338
29.513
160.588
0
0.148508
201.507
12.5843
16.4001
164.066
3.05713
0.104674
229.171
8.25942
5.192
115.612
226.079
33.6123
85.0806
8.51499
27.0198
52.7724
110.294
88.6459
0
24.0905
19.4664
156.777
1.89882
24.2905
24.1053
180.613
0.604748
196.929
235.403
156.367
0.214552
56.2673
51.5787
1.42474
86.276
17.069
137.855
67.6316
133.631
88.6449
5.86842
46.8148
122.672
155.734
123.724
32.9365
59.8567
0.439556
120.141
173.033
62.039
2.76165
94.8225
172.663
3.85174
2.38492
114.818
0.900449
9.05333
89.3229
0
63.2552
3.96776
5.74043
0.352838
71.0954
112.685
140.871
82.7022
28.1856
63.9656
16.1756
89.7293
0.823881
30.4718
0.0485691
16.0482
51.4998
62.8378
66.8394
70.1702
0.200747
49.4745
60.8125
64.8141
68.1449
70.3309
23.5413
16.209
98.4029
0
8.67328
104.929
27.8177
28.582
71.0609
0.752673
34.3573
58.0196
19.7038
104.828
128.49
133.754
0.0406237
0
2.91376
60.5749
67.3543
89.5993
95.0527
52.2076
0.585259
27.1132
223.315
0.728181
1.38831
178.481
15.9329
42.8657
6.03985e-05
81.3526
86.5124
130.148
145.364
29.7316
3.88805
62.7394
63.1515
0.859679
0
123.251
146.663
135.203
2.09118
43.9553
32.5684
65.779
71.8136
96.2829
4.47985
29.0067
62.5108
17.0216
17.2878
0.916375
90.9279
102.816
30.2017
8.98467
0.227354
79.3513
81.3989
94.2816
89.9491
16.2664
0
23.956
38.1753
21.8788
13.2234
88.4342
78.6911
0.900305
19.5117
33.2492
70.3239
76.4968
40.8123
90.1555
68.3893
123.911
129.226
70.5422
53.7469
15.0831
0.158486
36.5114
53.6137
1.65746
16.4714
65.059
6.49456
75.8097
82.8001
109.035
63.7374
6.99041
54.557
201.595
1.16
1.05681
107.742
37.4223
21.2673
178.617
107.541
47.9238
184.964
68.3447
112.163
5.90258
15.2941
16.5395
19.5812
0.941255
110.997
112.242
115.284
0.587421
98.3482
108.027
83.4835
1.98385
49.9715
59.6988
137.905
150.369
64.6226
0.551276
0.321091
60.9239
0.482652
0.168643
0.286657
75.0511
77.7714
91.3161
91.3541
7.32058
1.13307
12.4496
59.4948
43.1918
1.69582
52.0446
65.2713
114.009
0.926859
88.3719
111.95
111.99
0.561278
201.474
225.052
225.093
45.0887
0.0079292
0.915369
53.0584
81.271
3.61654
0.114702
0
76.1496
75.2907
112.828
1.73389
0
58.0791
1.94831
50.8203
23.7141
155.883
6.76389
33.1642
20.6032
6.84901
160.416
151.057
8.49137
212.574
101.488
59.4701
96.5868
0
20.4328
27.3436
33.673
64.8263
71.987
65.816
6.94022
0.650764
49.8952
53.5207
89.6853
47.3149
9.16363
46.4512
32.026
72.3002
105.727
1.90674
14.3198
103.642
110.973
115.374
0.314467
0.718124
73.6573
107.811
113.936
40.0082
1.31809
27.4511
40.2231
35.9792
44.7599
43.4755
161.788
31.9779
12.2193
3.77949
141.097
2.16019
47.3342
56.131
47.2442
7.35112
128.838
1.51617
52.4855
2.09899
30.8622
47.2891
22.2563
16.2725
40.9853
119.952
128.651
47.8915
0.0436371
39.4389
45.1981
69.7636
89.8878
1.93461
33.2071
57.7726
77.8967
67.8858
37.5611
83.828
26.7969
32.5106
0.666023
99.2914
154.386
128.623
0
108.216
27.2828
39.4212
24.9825
7.61734
89.9673
94.7174
95.6011
11.1154
11.7775
68.1058
77.0551
118.396
150.373
10.5714
0
73.3176
125.045
0.534211
1.69253
16.4845
92.4096
91.2842
67.7428
25.5773
130.224
24.5644
44.722
22.5135
22.0058
1.02405
2.57604
13.7032
112.484
24.181
37.8881
5.19281
149.826
0.0663157
206.945
231.774
242.975
268.669
275.089
177.294
0.28196
36.6124
43.0324
0.312498
26.7639
33.0176
13.7276
0.433327
50.4932
78.498
0.0874061
45.4783
18.9494
78.3016
0.671017
0.568025
99.5869
0.128214
0.218384
55.039
157.619
0.117781
150.004
31.467
45.9401
45.2007
178.634
75.0701
0.620144
77.0063
64.6388
0.595469
138.536
188.933
191.027
126.178
0.702186
85.5125
7.15116
2.71082
33.5752
0.669978
122.078
123.399
120.943
0.316765
9.42222
70.463
0.536672
26.6292
49.9661
96.4473
54.0314
29.5118
16.1973
5.7315
54.1866
0.165826
64.3293
49.065
97.1017
2.44576
2.31824
28.4687
82.7822
58.1514
8.24671
7.62361
57.2685
28.5393
36.6265
38.1519
0.117788
66.7243
43.2333
65.6975
24.3465
25.7404
31.5689
205.86
5.33071
80.4124
17.152
0.198379
130.657
178.03
144.126
1.48292
0.0130671
76.4571
120.895
13.1077
44.438
62.422
305.129
289.333
68.7409
34.9301
131.54
38.1316
8.06022
24.9883
1.59204
72.0212
89.5253
68.0798
1.1872
112.362
0.0239796
116.276
0
196.054
111.078
26.3325
0.788149
39.9927
55.6838
0.516255
52.0655
66.2272
20.1836
40.5072
49.9779
30.5729
59.7814
69.2521
71.9019
17.4497
100.441
30.6521
41.316
45.4797
68.1755
55.5299
71.6946
75.8584
98.5542
8.45899
85.1513
87.9483
87.9945
1.11788
143.588
103.268
0.852449
32.5601
0.562551
46.7233
95.1929
3.75557
56.8675
189.779
72.9312
18.4633
91.2382
127.404
10.6427
106.734
61.1519
65.8284
0.957825
49.6148
160.828
31.1066
38.3897
121.365
2.0679
2.46888
0.566135
123.432
25.8816
0.0867591
38.0183
55.4704
20.5147
0
63.7264
184.01
74.3773
11.0665
6.7198
0.394909
144.5
172.137
11.6967
247.623
55.9898
1.23664
11.5377
0.600446
204.12
206.356
42.4259
9.2728
254.376
74.8161
45.7119
168.177
3.18507
0
61.8692
0.981367
0.792396
78.842
53.9846
70.7707
24.0935
149.189
4.97703
92.7318
94.5614
97.4624
1.29862
96.6585
0
0
81.9869
1.74729
0
1.9085
113.833
128.214
128.812
132.53
3.16043
66.5338
60.9164
61.7969
58.4931
167.141
30.3856
32.204
8.97454
45.6817
66.2826
30.3631
0.0827073
74.8055
0.792507
34.0903
100.761
106.651
15.1588
66.5022
72.3927
82.2278
9.66701
0.0208253
127.26
128.342
135.118
218.804
39.5117
7.25046
83.2112
175.635
47.2715
95.3232
34.9354
5.25155
52.6984
61.8835
76.8616
83.8356
89.8003
1.00346
10.0977
25.0758
32.0498
38.0145
146.272
0
7.08847
12.2742
86.4367
96.0256
90.0394
7.7939
12.4522
0.745039
75.8535
10.66
87.3651
15.9005
234.115
23.67
15.1415
60.1206
7.69074
87.0711
89.7788
90.637
46.3227
0.319547
101.565
0.546274
5.46312
23.7867
42.1752
0.331903
1.39113
20.8627
6.0693
46.2573
53.6817
58.1473
67.5613
47.9568
6.50739
20.3869
7.92194
29.2259
33.8978
12.3318
25.3489
34.6495
69.5599
28.5941
9.30058
69.625
15.506
0
56.4496
44.7852
32.6084
110.06
46.6437
19.463
126.814
2.3752
23.6457
0
117.674
109.89
3.19833
0.555928
28.4508
0.520269
363.714
356.385
0.0195522
74.7283
0.591756
10.4673
0.380594
88.3057
0.066417
89.4396
111.73
0.488912
177.845
1.38153
182.794
65.1941
58.6916
15.7929
38.3196
1.09821
92.4672
50.8154
0.398844
2.28667
150.904
29.1366
123.908
60.5847
70.0359
150.056
96.5007
7.44682
101.208
1.27392
91.6975
122.868
93.2682
30.6103
79.627
25.9783
37.5923
0.706691
86.0387
61.3004
107.514
0
1.53345
5.40156
29.6814
81.6863
30.301
48.1186
0.821363
31.8457
38.3694
28.0992
3.99339
77.0995
0.844748
0.610117
51.0941
450.024
59.8967
166.829
63.6181
30.2344
31.5215
0
54.52
63.9941
134.526
11.6777
8.9016
136.129
45.5211
140.419
15.285
0.864991
32.1019
73.7534
156.166
172.521
45.0649
7.2903
11.2734
161.921
23.0822
10.8462
29.2969
0.853848
64.1807
68.4284
0.46678
194.706
6.86586
0.903029
84.8653
21.9775
25.2768
34.2451
109.226
51.1787
61.003
107.306
62.4729
45.7762
107.589
53.9283
7.92773
38.4782
106.671
16.9653
91.5065
159.699
67.4052
13.1951
1.05845
26.1501
72.7245
163.165
163.551
74.5059
89.7602
90.1456
28.0863
5.90451
17.4522
73.2756
6.34943
24.7058
49.3071
19.1808
87.2767
111.878
35.5036
13.8034
77.6168
68.4347
68.7907
17.3816
10.9913
52.2317
0.208489
64.286
20.1535
75.206
75.206
30.7772
8.81498
45.9815
14.3831
74.0227
161.798
48.7551
96.9347
46.4783
0.314973
13.3895
65.0729
0.202536
48.0932
65.755
39.9312
113.166
130.828
221.974
9.54552
14.049
149.363
30.9792
1.53698
80.7461
30.5211
2.53213
104.56
118.81
73.2553
13.8938
68.4242
0.592713
0
36.8081
15.6451
84.5029
146.691
10.6512
0.128857
18.9992
33.4074
52.6029
25.1249
0.0349346
84.9846
14.7787
36.7093
2.65639
44.6151
88.8168
1.51688
111.906
0.582096
192.494
21.159
22.0747
83.7897
22.3984
61.628
166.438
42.2203
8.93856
101.401
1.78723
0.206203
1.07831
38.5886
70.0698
9.32715
31.4812
97.9086
143.486
16.1063
108.69
25.1169
83.6935
103.379
1.26962
14.782
5.57602
4.07844
19.279
78.7979
2.69333
72.114
92.8515
30.8912
22.4717
6.2327
66.2734
6.32148
72.1928
64.627
26.8627
102.34
113.667
116.067
150.979
23.2284
30.5576
144.187
0
16.3376
35.91
23.2384
56.1184
56.5395
80.7524
66.8185
8.20049
0.000798193
108.011
137.923
86.124
0
141.436
0.356839
0.286558
246.931
92.9325
139.153
17.0621
118.933
10.8374
90.7359
18.5708
0.81772
6.49131
72.5491
1.98895
141.14
180.15
182.968
184.313
105.064
4.1709
0.00778771
59.6744
0.00953042
26.2283
39.6091
20.6762
13.1231
130.431
0.0837279
0
9.31173
16.8893
30.7732
21.8955
13.0012
84.9416
117.764
30.0036
4.43564
27.8926
130.43
140.765
126.066
29.4287
1.81027
82.4503
172.115
100.365
9.46771
0.463596
49.1397
203.521
55.7141
122.255
87.0194
7.16018
31.8693
51.9202
117
38.2726
0
0.141953
75.5285
66.1535
6.50853
42.5098
58.7923
151.699
64.3111
2.03779
0.747937
1.51933
64.1341
119.771
58.5509
1.19676
196.777
10.8807
4.54078
293.336
0.815226
15.6637
37.8441
308.936
1.54952
127.244
135.202
118.331
0.36786
23.9057
79.0262
1.13637
0.970074
36.4452
74.3245
3.07553
84.4868
13.6322
80.256
3.48355
159.528
168.247
0.861424
55.4643
97.8214
73.9152
2.38524
23.6703
0.222651
102.973
141.146
47.6162
39.7368
72.1561
121.338
14.4528
120.106
128.545
134.14
0.782092
14.1075
48.5385
103.061
32.0142
158.961
32.3308
19.4086
3.2724
93.6575
90.6856
0.40967
1.26731
31.1782
9.06698
124.008
131.159
140.097
140.162
36.9578
13.4524
4.44899
7.69162
27.9196
31.9111
79.0731
28.7084
3.86625
156.352
78.6229
12.0837
60.2721
169.259
0.103095
107.698
125.029
139.403
52.426
0
67.0943
0.312424
4.49158
19.4062
0.618499
16.1168
37.6105
0
37.2932
81.0404
92.9491
0.882708
40.6775
16.1792
130.334
55.2205
19.5843
0.51143
38.9732
15.9774
57.5411
20.3447
131.215
25.002
1.14469
334.261
141.228
239.23
135.356
314.094
112.34
3.49916
25.8898
44.1775
6.64076
60.839
79.1266
122.123
1.06252
1.16481
14.0933
5.90925
61.7178
0.0517132
75.3653
1.11059
61.2135
89.107
57.035
27.3495
74.6848
14.2639
75.5594
16.9584
61.2309
36.1457
168.652
69.4488
0
20.6771
2.53915
27.5888
75.5964
94.1498
30.3188
45.4878
64.0412
91.6927
25.1317
93.1935
0
26.3172
0.182769
91.4066
136.616
163.04
176.633
70.9132
0
40.0168
165.37
147.773
139
8.92243
66.1702
72.3698
28.7367
44.946
19.1186
72.7115
80.6276
72.9909
7.71082
5.47885
37.4192
13.0353
11.5621
33.4357
31.7542
3.62852
1.05855
23.7744
6.51117
105.561
117.263
45.1718
15.6859
0.1561
116.554
137.474
143.89
120.857
6.85568
0.000599117
96.7302
72.6712
3.77748
3.30509
124.089
128.6
120.401
3.07302
177.692
0.910524
1.47337
114.517
0.110814
0.0343212
15.839
1.30053
242.526
299.784
256.624
0.384055
0.193722
102.181
82.5385
50.0604
112.134
1.74332
33.464
56.5073
144.587
67.6791
41.5874
85.901
9.37007
75.916
61.2085
0.247125
82.961
91.091
16.9083
8.10986
46.3902
49.2695
23.7487
23.7487
3.48225
122.223
148.292
93.7454
11.1063
55.0185
12.39
36.8736
67.1406
37.1613
29.9794
32.0835
35.8456
76.5475
84.695
36.3841
40.1634
48.3109
135.207
29.983
92.6957
33.1392
52.7243
54.4381
179.649
118.3
45.7396
9.12482
177.924
0.0334818
98.6837
115.342
138.388
146.561
159.808
31.5082
0
31.2183
44.466
70.3698
0
37.3497
0.197628
100.971
25.8829
29.6789
31.1298
32.9707
37.9686
2.83299
73.9966
31.1422
70.1866
70.4399
9.92291
61.0412
70.5933
64.0305
8.0454
125.71
175.487
1.78677
0.668391
31.0518
46.8195
9.98545
80.4986
86.9314
45.6587
127.318
133.751
1.43506
42.6039
61.5213
53.1628
2.37336
18.4274
5.91832
105.573
9.92578
95.9962
99.0341
0.116883
0
46.3153
0
158.34
164.467
175.177
218.04
102.66
6.1273
59.7004
94.2554
42.6865
62.8844
90.5463
53.2443
89.2043
58.2856
34.6192
30.8651
309.696
2.74809
0.552526
75.0521
0.115713
0
29.2258
19.7978
20.5651
1.48855
95.1071
117.824
180.596
198.748
71.3041
0.499736
80.4235
163.828
8.55215
27.6345
35.7869
23.6023
1.7692
46.9076
5.01174
67.9335
56.7924
11.3909
0.624916
134.824
175.796
132.385
40.9727
105.363
154.465
10.0236
5.98342
0.282866
42.1748
59.0805
50.0093
1.62013
123.102
0.17282
83.2771
84.3427
42.3455
74.3945
76.6872
52.5232
13.1331
13.1331
141.559
1.23423
63.1299
0.228281
162.09
20.412
197.903
71.7748
82.3294
709.464
1.22329
246.17
264.59
604.012
70.0177
0.377748
174.802
0.0339945
16.3486
62.2674
93.3273
0.607513
50.0504
81.1103
111.421
3.42667
62.0382
4.60981
66.0905
91.4432
109.717
93.2456
1.78433
6.6378
65.8297
66.5749
63.9175
30.169
89.16
94.1869
116.771
0.486844
140.347
61.4147
11.1179
93.7969
0.663037
50.0774
4.7518
25.7305
50.61
11.6509
23.5036
155.928
4.77657e-05
62.0648
71.4762
12.9359
179.195
188.607
30.845
18.9282
98.0204
11.8562
16.7629
238.768
115.179
31.7946
148.741
35.5841
137.795
138.327
186.99
2.315
1.60203
104.097
2.72963
5.83663
108.31
23.8557
1.11336
2.76113
85.1924
3.67195
36.5734
13.3972
121.426
179.054
44.2938
0.529737
85.028
26.3911
143.885
9.80567
0.530684
65.6646
34.3973
66.627
0.660023
0.282908
126.909
1.15891
0.0424365
114.82
18.4172
2.57925
48.8352
39.3033
85.9713
107.249
86.4082
21.2779
36.8314
72.5046
35.5338
87.3018
13.8249
8.12237
111.516
23.4036
94.2418
2.25214
102.179
138.975
95.0931
1.55392
72.9434
3.37119
4.12639
96.4239
47.3367
3.65019
18.4596
226.302
103.216
100.281
31.2088
12.12
49.588
54.6956
10.7983
62.3168
67.4244
5.44566
90.4432
99.8284
134.802
33.1684
2.86974
104.291
108.998
75.5647
3.00099
50.2375
62.2044
45.4261
48.5828
46.6302
17.618
19.9884
43.2605
1.11335
54.8906
0.207178
74.0334
35.2035
122.799
39.4663
1.36912
45.5379
0.31676
85.178
92.7538
0.0738069
120.761
132.967
137.648
144.812
121.003
0.856849
12.7021
81.5753
40.4374
27.7401
2.68795
65.7715
94.1703
105.594
34.0699
1.3713
67.6102
57.2367
35.6685
36.6961
325.462
47.3624
41.514
123.739
0
40.0067
52.3938
12.4176
0
74.0701
90.4295
60.0086
77.6114
84.5482
1.9069
2.74291
1.37976
0.372282
103.702
109.22
110.327
66.4993
21.3386
39.2201
37.9589
45.9318
30.534
5.50554
108.539
13.6125
61.3047
19.5979
167.938
63.8054
0.761039
47.6806
50.4378
53.9942
37.7433
110.607
113.364
116.921
28.9457
22.5151
35.7783
58.4735
0
52.6755
1.59909
120.293
823.224
230.53
529.226
42.9636
0.371078
20.0799
44.4503
0.220123
40.8589
65.2292
0.52728
48.3119
79.3047
16.7022
30.8846
44.1993
86.58
89.2523
6.27739
109.672
1.37978
3.88758
51.5604
5.24279
5.95818
60.9782
1.48456
1.07984
96.1484
62.5734
64.8244
0.031808
174.411
175.693
147.23
19.0201
30.9152
0.331335
28.8203
66.1098
100.176
1.93974
39.3721
73.4378
93.9448
22.5895
56.7033
207.861
0.521617
12.0183
95.8091
90.3017
122.984
28.6567
34.9858
1.47619
25.8292
65.8093
36.9683
0
81.2114
0.486921
24.5777
23.0411
104.737
39.4062
22.3696
16.1788
1.00321
11.3129
48.2232
188.817
55.0366
76.6458
2.78473
134.867
141.483
191.303
131.241
53.3645
212.87
1.77181
3.17376
34.1349
5.92334
91.5374
115.369
74.4651
1.66675
41.4561
116.715
6.33768
12.1949
6.89851
63.7017
5.35533
86.5412
18.4058
0.248085
6.2742
0.108497
85.4056
88.3871
82.852
1.72866
58.3108
14.8956
24.2671
38.6448
52.7425
28.0716
0.741754
27.7336
0.251162
123.051
123.19
63.2701
51.4093
57.1286
44.6876
3.19499
27.8264
30.9457
34.8797
71.8107
74.93
0
88.0219
96.9958
0.0426837
21.1948
45.1762
135.654
0
0.244363
1.07457
90.5401
147.883
98.5353
0.646939
0.403213
127.492
111.16
0.340058
49.1716
98.346
28.1844
48.8844
72.9792
52.4153
3.86086
22.6386
15.4929
75.0539
10.3969
38.8362
52.1131
39.6378
12.4753
61.872
195.239
249.9
196.859
54.6604
12.9839
6.64605
29.6938
51.7117
56.0339
72.7304
30.992
4.65183
92.8374
1.52515
69.1225
95.3181
32.5403
1.81366
96.4221
0.000769602
18.2556
1.48741
184.568
316.032
145.646
0.128239
150.27
213.19
69.9539
119.677
1.76361
36.9939
70.9751
100.68
47.4586
1.42233
33.0519
57.5276
70.5511
75.608
76.7359
5.14991
61.5641
50.2313
51.3613
3.87521
107.176
176.367
205.062
148.139
30.9292
202.617
88.4274
37.5748
25.7275
2.64359
36.4326
166.942
215.788
171.644
44.5077
111.027
0
180.25
180.598
147.056
32.6316
25.1
2.06157
17.9209
2.24751
231.945
232.089
236.955
237.315
231.751
8.94337
3.71728
20.8223
19.9416
173.796
97.1209
21.7232
16.3747
157.846
10.6031
1.52406
2.69257
73.1941
39.7755
21.3302
230.202
27.6175
6.20551
68.2957
39.3988
0.294528
10.891
432.303
1.17791
130.447
33.278
0.766831
3.29844
74.4764
30.3319
15.6853
73.67
0.607719
41.6159
2.8022
59.7288
59.4593
184.566
75.5905
63.4853
9.0092
117.414
43.3881
42.8103
27.8809
48.9223
0.049561
0.693402
0.555094
181.44
0.476516
0.103927
17.6808
0.243606
68.9992
102.016
48.3412
32.9789
158.576
2.80382
44.9934
19.1818
18.0464
110.394
131.779
113.588
20.0006
43.3245
12.7336
3.52283e-05
62.0101
0.321295
62.9822
0.0293014
138.389
160.547
180.52
36.6199
0
55.939
103.744
51.8741
16.707
42.9038
71.6345
81.2902
83.3264
85.0158
9.58981
55.2771
68.9021
133.046
68.9021
64.1437
85.8598
62.8772
6.4246
76.9607
9.918
68.092
31.7177
67.578
68.7042
109.861
76.2833
4.11203
2.04136
133.601
80.7342
89.4831
98.3578
100.877
130.871
103.241
0.435938
32.0769
69.7609
28.3733
58.1819
158.851
67.3434
63.7936
38.585
135.493
139.258
0.337572
176.322
187.959
3.06702
96.4409
103.168
97.0531
9.48044
48.7615
0
64.6942
73.0869
49.455
0
92.9289
59.8442
35.9646
38.975
37.4083
62.694
63.7147
63.7147
0
72.5934
96.2013
3.1018
42.4195
4.63086
87.9017
41.2315
0.861349
0.120102
12.406
127.056
84.1429
118.011
32.2316
143.757
4.35448
13.0772
25.5012
0.119003
0.221524
32.4037
88.7799
90.5824
1.8698
123.174
116.134
21.8346
249.891
63.4735
51.2973
323.148
139.218
80.4184
0.614827
192.847
105.385
1.80663
15.8635
45.2692
8.29508
32.6791
21.3675
77.9483
293.607
0.698
121.045
121.979
6.85736
228.758
229.692
0.891064
21.2198
0.346057
55.0827
65.592
62.9537
161.91
68.3113
93.7564
18.7922
17.6837
1.22365
13.2361
33.2313
56.7247
5.23688
18.3208
41.8142
0.908408
77.5152
56.9209
71.8144
0.711497
142.975
228.714
166.536
0
14.0317
61.0827
1.2289
123.764
138.326
139.25
64.4011
2.22195
56.1918
161.194
16.0494
1.08085
69.2154
80.2258
95.604
99.9897
104.177
61.4488
11.0104
30.7743
34.9615
47.567
16.7927
0.249962
146.686
141.57
0
126.144
137.981
72.8107
11.4802
77.4426
30.494
1.45895
52.6332
0.896689
78.3074
150.417
2.32727
6.8466
115.031
2.16583
22.132
19.1245
103.767
32.8498
190.583
1.55671
125.221
13.6904
0.613048
91.7291
57.5538
0.189524
0
65.7026
3.57968
38.0978
72.1971
98.3735
48.3533
4.98935
39.0204
122.745
3.75621
37.0932
0.214621
137.317
21.2848
65.3515
47.318
63.2352
58.0638
52.122
58.0008
13.3679
29.5298
89.6939
125.369
89.9584
35.4107
38.2712
83.0817
83.3187
146.169
14.7218
62.6713
116.859
28.8838
24.9412
0.0502594
35.9859
35.9605
95.7629
125.839
100.276
25.9465
4.42524
202.701
155.564
58.5754
1.37355
60.7534
1.89557
101.605
166.441
62.4599
87.0925
1.10428
129.899
133.88
90.1019
0.771683
76.6105
66.3832
67.8417
111.346
0.70861
1.47171
80.2782
0
29.9286
2.69948
32.1474
38.5867
12.2916
5.43465
98.2236
154.923
2.10447
0.684767
360.414
76.5914
149.152
2.4943
68.3068
20.8462
65.6333
25.9489
44.7872
0.901771
79.1734
92.235
108.95
132.327
68.0403
13.0616
53.1532
113.8
61.4568
27.7312
1.69187
72.7152
59.4217
14.82
155.555
11.3396
111.22
42.7823
0.401592
43.8762
40.6454
84.9569
25.5624
18.8176
37.9429
41.2386
67.0242
118.811
1.92127
29.5902
53.5516
58.0566
104.769
29.5783
1.11189
186.868
0.00025355
0.708343
45.965
13.0241
135.379
19.9191
116.301
25.1213
24.4563
0.518213
112.974
115.528
95.3904
2.243
56.7029
10.9036
11.8727
104.906
0.0773584
102.251
14.9495
20.128
27.7494
0
24.9833
63.2232
61.3781
101.967
7.37545
100.675
0
98.6502
104.971
83.8952
0.548964
43.3031
55.1815
16.0297
14.0101
72.437
63.361
67.0284
11.6286
2.67239
136.222
44.3305
102.091
77.6603
178.258
6.82476
1.51462
16.8693
183.395
44.3777
57.827
35.261
93.8569
10.8893
6.71138
75.6388
34.8766
144.802
18.0018
0.161188
0
0.926925
161.804
184.539
145.146
0.0687741
87.6793
0.949099
53.6455
1.23381
115.388
64.8889
1.11993
0.230853
33.165
176.69
38.1993
56.579
0.40642
91.8647
102.17
50.2633
65.0528
5.51758
76.5518
87.8292
111.862
1.13594
129.361
1.03257
30.9556
6.74091
78.2145
105.098
124.516
46.3349
0.434153
33.1817
85.6858
126.166
8.1256
8.7455
64.8029
133.224
6.33138
16.8119
3.38904
1.62224
46.0501
98.89
42.4709
0.216982
13.7275
81.312
115.091
108.251
187.901
150.662
2.34063
2.86764
62.1557
0.0092415
69.6738
52.0947
27.7525
109.47
132.707
116.069
4.5818
55.4082
115.33
45.8942
18.396
43.2895
218.596
53.2828
1.49579
22.1301
0.380031
190.398
193.7
1.65159
120.907
142.238
120.372
19.9012
31.839
40.1425
46.6302
76.659
48.7211
1.869
85.3572
0.128195
0.499724
0.343457
22.2807
39.6602
22.1511
0
71.6208
2.04398
1.15754
21.3627
125.842
147.127
154.58
147.499
0.371718
0.130902
51.3874
61.473
44.6845
9.79621
64.6731
41.1545
114.894
136.978
118.522
18.4567
87.5775
16.6538
0
0.0119119
12.1925
0.502014
82.6388
0.3353
12.7437
22.6332
33.0728
160.943
167.04
184.6
164.041
5.74222
82.6863
0.689391
13.0759
97.9585
0.457113
3.51306
16.9127
63.8097
91.9376
119.691
64.7572
27.6119
10.6739
29.3587
143.199
48.1464
14.3169
2.61924
92.0469
131.397
95.8165
38.0067
0
149.587
168.151
1.21255
30.2804
22.3364
1.32408
54.4601
73.4838
0.661601
66.6464
85.6702
1.54144
13.53
79.9678
80.0885
11.7025
66.4378
66.5585
74.5755
8.01708
21.2496
8.44332
0.152569
13.3755
19.0241
105.319
116.447
119.777
121.625
125.213
115.537
7.51733
12.6949
16.2837
89.0819
84.471
1.25159
96.4592
100.764
39.0018
8.07323
62.6591
21.0257
101.444
72.2108
79.6307
0.584089
6.09584
117.584
0.379053
111.898
112.444
0
135.836
136.382
8.37408
20.058
24.5064
26.0853
74.2884
16.174
3.42067
53.2027
38.7368
64.8012
70.5085
77.7643
96.2647
71.5356
3.43731
29.1936
62.3326
30.869
43.0948
1.21406
30.9797
53.7501
25.4314
0.714501
57.4491
0.54422
137.538
0.295501
171.288
44.9347
6.60318
0.975871
162.416
25.7445
41.4899
123.885
6.90473
3.88096
54.9506
0.374242
44.689
51.1432
64.495
61.6325
16.3679
157.573
0.276368
32.0418
98.4892
90.4639
20.6581
47.2927
0.304066
19.8442
2.63787
57.3153
99.4848
5.25722
53.8247
95.9943
219.227
129.778
31.3853
34.8324
43.617
102.16
35.5936
8.02347
149.209
0.114204
12.5208
6.27737
145.384
0.812305
110.031
122.976
54.4176
10.6343
45.229
4.11374
55.0707
87.3331
102.627
40.8456
31.1908
92.2671
0.999283
75.1212
161.657
45.7877
0.90128
0.987147
66.511
0.123485
15.5035
26.7542
11.6952
11.0405
95.492
0.957346
237.605
171.45
15.6013
6.56339
94.0171
111.78
97.4832
15.7002
42.9594
31.7787
122.948
155.589
123.033
32.5564
72.4583
59.2521
100.882
114.244
141.59
13.0445
146.864
5.02894
42.4142
30.6841
7.61058
41.4833
50.6754
54.2047
0.509959
71.8668
15.9321
15.8362
16.6177
3.05301
157.227
214.644
217.681
226.572
147.273
12.7213
0.792726
45.0649
140.761
2.54905
0
73.6203
2.13884
36.1866
32.4532
9.17353
54.8041
229.485
0.921627
105.913
108.558
37.0416
138.855
0.333191
0.230572
78.7656
0.850794
13.3977
59.4026
3.86638
86.1044
92.4085
49.6119
0.236348
18.8
25.054
79.4675
141.374
81.6134
60.2758
94.3551
8.61362
90.4602
123.905
129.231
130.533
5.98268
87.3115
0.30558
148.815
152.777
164.254
100.452
11.4776
172.088
50.3137
45.1703
21.2736
0.428344
37.6289
62.0318
45.4887
0.397094
93.8394
54.4008
5.59751e-05
7.60175
166.046
37.5394
76.336
0.114172
95.6985
126.844
136.3
25.0031
30.7493
40.205
69.9056
29.3039
52.6136
90.9518
3.76129
1.96172
54.4015
30.0619
162.456
11.1359
0
0.374195
77.453
97.6771
98.1557
118.531
53.6181
1.15601
19.6978
0.0609374
148.881
189.851
128.651
0
57.2159
83.922
0.468651
0.119396
0.11303
93.6877
146.672
148.765
217.832
0
1.30017
40.2043
2.3607
36.912
31.4987
76.5223
46.9449
182.767
1.54884
206.425
0
99.7538
100.825
84.073
0.214597
9.17121
218.152
3.79655
44.2769
117.028
5.79013
0.825359
82.3992
53.2657
103.348
119.028
0.103287
1.33554
23.4336
43.6685
75.5281
46.2497
30.7723
0
112.073
93.5415
60.8027
8.05089
86.8384
0
102.755
103.681
0
85.0294
94.9967
72.1185
0.104699
65.7649
0.00632239
0.931765
59.6847
0.402596
0
51.7988
7.70814
62.1359
79.5564
63.4624
16.6277
51.1799
11.4676
22.7656
39.3933
2.51402
3.13112
134.819
193.758
242.522
250.355
255.383
318.23
258.105
15.5774
2.7167
0.481279
210.477
219.165
49.4961
2.42122
104.834
3.05056
20.7991
2.58627
80.6597
31.1137
19.7598
14.4902
108.22
17.028
92.9529
78.8802
27.9968
33.1679
27.8897
0
5.21963
45.1494
29.6466
38.8266
23.6609
107.811
121.535
117.718
12.0103
66.1227
26.8809
42.5067
64.3075
107.311
1.16145
25.5231
232.327
54.1577
20.5922
32.079
50.7953
71.3493
3.1354
10.913
15.9753
77.9102
10.9402
21.3929
153.353
0.208798
1.86346
69.1919
8.34558
9.88443
28.6997
0.590877
46.3687
52.3437
115.901
41.8995
0.79202
120.505
55.356
59.9397
156.798
2.57038
22.2239
112.498
177.799
0.379577
74.3032
104.734
61.032
28.7402
46.0105
155.553
0.430159
0.354088
0.57586
61.9932
54.135
71.401
1.24411
3.97233
192.856
26.9755
28.0459
48.8211
0.880121
3.80959
10.4107
143.117
34.1069
13.6686
49.6192
33.3426
169.734
192.736
0.194174
117.562
118.795
131.326
48.8208
0.182645
67.3501
101.994
87.3994
0
163.239
20.8613
2.82631
2.58502
0.487181
114.657
99.0156
37.2572
236.007
238.397
247.981
197.495
9.57143
362.381
3.88583
316
19.5079
55.5959
30.7272
49.5892
0.996255
42.7767
94.5439
53.4255
0.957304
0.343996
39.4743
98.4389
62.1334
0
74.6789
31.3867
61.5431
0.702264
101.064
33.1908
16.6484
1.13499
1.92966
83.1623
291.036
0.0403584
56.0253
298.779
0.738693
68.4304
33.5419
101.75
73.9889
501.625
558.737
561.702
569.753
579.127
609.438
433.145
450.57
0.00424887
130.457
135.913
11.8072
38.5154
11.7604
70.498
83.0399
26.0995
46.9184
59.4603
59.0555
20.6486
1.68377
103.892
112.397
20.2919
1.30184
50.152
3.24937
86.9124
95.7642
89.6499
3.23852
45.1608
176.478
41.2363
3.6653
41.8986
37.7958
119.32
119.932
85.2059
3.84411
24.8862
206.503
1.0909
28.45
20.7912
28.6663
3.91837
6.94572
29.1417
119.663
2.42685
28.811
171.785
27.8028
2.70923
0.327459
156.728
166.14
119.573
9.4116
19.2994
181.781
48.1747
99.9566
15.4098
44.3576
36.613
18.3372
0.842276
84.8435
85.7057
12.2262
0
33.8996
28.2986
8.81952
69.2732
2.1503
87.0371
107.776
40.6836
28.005
68.9182
81.0118
31.6106
37.7397
49.8333
17.8355
2.75316
43.9224
12.0429
47.4852
6.986
91.4076
10.5952
12.2949
101.082
17.3217
84.6136
141.032
125.734
48.84
2.33923
20.3178
214.91
117.882
89.4696
284.591
115.825
17.7278
17.1353
221.04
2.43543
91.615
160.916
125.156
1.12236
91.5544
267.174
112.049
73.7559
51.9412
76.8946
129.649
79.0513
51.795
4.5202
107.136
107.6
86.9204
0.11776
47.4943
59.427
0.00776956
73.1447
1.18464
95.7201
87.1279
43.8242
67.1092
70.5643
17.3035
10.0352
12.7798
0.00140595
70.3826
78.397
100.484
106.376
72.1739
1.62774
26.3515
2.83452
17.7512
58.8546
21.5759
37.9063
147.85
1.21459
0.355139
73.1083
49.0187
1.48309
38.3017
213.6
69.2134
0.385356
125.606
1.94994
106.183
112.421
105.828
1.14527
97.0292
58.2394
18.7211
74.2935
88.0945
1.08686
0.408292
55.3239
27.1943
31.4075
187.935
68.1471
110.934
1.87313
72.7607
102.493
10.4409
29.4564
58.4516
40.0807
82.8356
54.1092
0.00353794
0.07152
77.4764
88.8828
28.2996
28.375
113.365
15.7615
74.3954
35.6539
137.551
0.0701321
21.354
32.5918
0.798244
45.5974
56.8352
0.819958
123.346
132.674
123.816
8.60658
0
61.8066
81.1222
17.9362
19.3156
47.174
141.578
257.332
217.738
10.7239
65.6063
9.14261
41.1058
38.5691
0.0121158
65.374
78.5009
57.8838
1.51443
33.3307
0.760295
7.49553
172.668
0.698266
0.394144
110.83
0.753336
0.445459
0.182781
212.401
155.818
89.2522
50.5306
31.8761
0.46317
81.9992
89.2731
98.0753
1.19512
58.0928
66.8951
43.4573
27.3812
113.248
0.939281
1.92854
228.625
58.3215
2.66569
107.893
52.5776
38.5814
42.8461
81.4627
48.5922
38.07
82.1778
7.56919
13.8001
33.4193
95.6747
138.545
10.8793
0.0172882
52.1409
20.6118
31.5576
26.6738
83.6985
58.3939
120.169
34.5183
13.7672
18.418
45.8399
18.9858
35.8934
59.0211
35.8934
23.1277
48.4878
0
0.227934
21.4723
64.3974
18.3867
22.7895
65.242
0.55125
0.0738651
19.8206
193.099
15.3804
42.9433
11.8477
99.5331
1.46926
126.671
1.53392
38.8836
62.5781
68.0841
4.5526
21.1383
26.6443
70.6473
41.4469
41.4186
36.5113
38.4532
152.292
29.3783
20.4373
76.4318
0.960455
128.881
9.98287
5.16335
0.30864
53.587
153.028
2.73272
24.6588
23.7822
176.003
0
203.557
234.383
184.149
0
20.6577
155.089
73.5753
96.6545
99.7655
105.835
6.06994
44.5676
1.22324
140.614
159.809
171.943
61.7843
0.609806
50.4221
1.67653
161.54
170.401
117.522
21.0687
43.4873
97.7903
52.3588
30.4461
64.959
42.0173
62.1628
57.2749
58.4958
25.9854
32.3461
36.355
103.283
40.1143
0.819933
42.3174
0.856801
55.2949
0
57.3822
37.7093
94.3845
101.449
113.993
106.25
0.125836
86.6036
0.412262
1.29167
5.93923
173.697
173.954
178.456
181.531
43.8901
31.0386
23.4616
36.4333
9.3933
1.08341
170.728
176.991
201.116
125.256
0
18.6944
29.0807
4.00175
74.4653
126.479
134.385
77.7707
49.7161
80.532
30.7536
16.7756
64.1071
2.02397
82.1145
93.4876
0.0016779
53.9262
54.0692
65.4003
70.8717
43.2881
12.3171
4.48538
48.74
29.2019
45.9734
2.84842
69.6131
74.2193
72.5063
4.11676
60.7803
33.8734
7.77854
40.0667
94.0855
95.2638
0.122747
33.9992
70.365
30.7886
20.7348
125.002
45.5171
21.1517
31.1756
88.9823
8.18945
21.9574
65.8513
0.742027
100.582
144.476
94.7085
0.582247
0.444024
25.6302
1.02539
35.8398
53.693
33.9307
16.858
77.7518
0.904229
88.6143
89.1058
99.8111
115.944
7.18216
0.311136
27.1498
61.3896
34.0595
61.888
28.0761
25.7118
37.4304
0.286898
146.818
158.233
198.707
143.212
2.55963
77.9484
30.5544
158.768
0.548003
2.1586
11.858
6.19891
3.19847
4.07538
52.9921
42.2017
41.2206
68.7888
76.3939
4.79966
81.3849
2.3868
0.0793694
2.74343
131.657
145.59
151.039
162.981
94.2328
9.45845
26.8496
55.2089
23.8848
34.8307
63.3982
107.6
63.3982
44.2015
29.1021
85.0135
99.8261
95.4238
14.4466
60.8928
32.1976
94.533
104.872
133.53
107.877
10.339
67.3839
1.61968
0.0609166
6.59857
10.2548
0.817652
112.765
2.99289
122.448
101.636
21.2521
6.23689
47.552
119.735
121.91
2.13919
85.4366
87.6112
117.734
4.74354
3.40627
0.0940965
48.4608
94.9618
51.1862
4.02986
108.696
1.14655
91.7529
119.663
147.296
58.8044
1.80106
52.7169
0
117.775
111.488
131.954
37.2142
0.867172
17.9716
0.239495
45.4212
55.2117
213.542
30.9194
45.5283
93.4083
123.02
22.229
0.322361
123.213
12.6509
61.3324
63.964
134.449
48.9796
7.8485
0.450986
91.8782
53.0641
0.632044
179.889
189.891
129.202
88.9746
131.822
47.4847
0.872584
1.80956
12.7779
123.956
0.192769
0.797204
104.039
31.0499
0.118846
35.8529
64.8729
0.872901
100.745
2.14664
82.2034
94.9706
107.612
11.0003
78.1981
4.70404
17.6788
30.8417
1.30466
76.6085
89.7713
64.1098
30.5653
43.3247
97.1497
4.59716
10.9796
4.28926
108.129
104.403
2.5758
3.13121
46.271
0.0270177
249.073
293.839
79.2039
7.74308
36.0592
53.1549
30.8224
58.1042
40.1289
25.9402
