1.64772
3.7465
0.00403085
2.1589
2.80066
1.28443
2.94863
2.80082
2.48394
2.50339
2.02837
2.5722
2.31467
2.20379
0.0137326
2.41206
0.00459251
2.57494
2.4897
2.20385
2.38987
3.21749
1.48322
0.000563839
2.82678
2.43917
2.51692
4.63064
2.27197
2.40577
1.12126
1.47104e-07
3.35007
1.53322
2.6154
1.53298
3.9862
1.79041
3.29937
0.0131948
2.86781
3.05061
2.86037
2.6717
1.64818
1.68731
0.00412371
3.43695
2.34504
0.00239433
2.33665
1.68888
2.7782
3.42628
2.71475
1.11964
3.40765
0.0236903
0.0121603
0.00174926
2.50388
2.52626
2.63953
0.0151967
3.15647
3.62889
2.81289
0.000240099
3.36272
1.19528
2.3054
0.00709316
2.21837
3.01605
1.54947
0.00168543
2.58988
2.00863
0.00315983
0.00481175
0.102355
2.77356
0.0234259
1.10497
0.014384
3.53327
2.90283
1.19806
1.19815
3.86813e-06
2.45027
2.61022e-07
1.71043
2.83026
3.13957
0.0015003
1.99677
1.50378
2.18849
0.572712
0.826367
2.78434
0.000769715
1.78604
0.000526652
2.90073
0.0820492
0.000334127
2.21609
0.00709792
1.3402
1.59204
3.00713
3.72822e-06
1.5685
0.000819735
2.31077
1.93802
2.01893
0.000124316
2.95025
3.12488
2.22401e-05
0.000274422
2.68605
3.17547
2.99835e-06
2.14209
2.30231
2.0663
2.13836
2.91624
3.18674
1.22569
1.65289
1.21835
2.78612
3.44945
2.42063
2.9006
3.01635
4.51285
2.76548
2.36593
2.6958
1.97592
0.594017
2.23927
1.75391
2.04493
0.000148975
0.972335
3.08731
3.06869
2.74211
3.34871
2.76737
3.07471
1.67099
0.00203686
1.35454
1.29806
0.00395024
3.45047
2.81799
1.50104
0.00225343
3.23774
2.31337
3.13767
0.662717
0.0160392
2.41796
3.16423
3.29336
1.11381
1.71171
1.11418
1.49365
0.782541
2.39314
6.86452e-07
2.58073
2.25493
2.99989
0.803556
3.72074
3.98961
0.00674846
1.65674
2.06074
1.04834
3.30372
1.9403
1.36611
1.86874
2.45317
2.43629
1.89134
0.00399398
0.814106
2.51716
1.71248
0.98532
0.00332163
3.01712
0.701329
3.12873
3.07435
4.25628e-07
1.49334
2.45104
2.44556
2.51417
1.15493
2.75431
2.86986
0.00101185
1.80672
2.2474
0.0101716
1.90587
1.65302
1.19296
0.00515666
2.79967
2.38315
0.000513242
1.60522
0.00300879
2.45357
2.15548
3.30751
0.0184009
3.61546
2.26254
3.37782
4.0499
2.98645
0.712196
3.50901
3.15688
2.03563e-07
1.82058
3.41046
9.81056e-08
2.60222
1.64911
2.8629
0.407935
0.00079842
0.00329726
0.0409108
2.23629
3.13885
0.880622
2.23629
3.10432
1.04138
2.52607
3.43687
2.97668
0.00236488
2.74005
0.86363
3.38873
2.04597
3.19292
2.41546e-07
1.90142
2.87016e-05
2.69477
8.44817
2.59712
0.00132288
2.66123
2.11807
2.17759
2.21227
2.18861
0.358745
1.49633
0.00760094
2.57777
3.29732
0.13553
3.06941
1.32447
5.39831e-07
3.04687
1.9867
1.98746
2.43445
1.44037
2.62076
0.654629
2.36451
2.45425
2.20568
1.48631
2.69771
0.00953247
2.01341
2.75438
0.000292642
3.22411
1.84659
2.70175
0.000129064
1.4375
3.02597
3.04271
1.81527
2.17262
1.10009
2.58524
1.8091
2.44982
3.03564
3.52185
0.0107916
2.16149
2.47743
1.354
2.42197
0.976272
9.38017e-07
2.12159
2.2765
1.64164
1.71485
3.67636
0.00374119
2.4471
0.818772
0.0487612
2.96463
4.41693
0.00174522
2.91448
1.06231
1.05114
1.94509
0.013056
0.974854
4.01531
3.41373
0.00072516
2.76302
0.000734076
2.73208
1.59214
1.81557
2.76162
0.00285362
0.0110853
0.00148495
1.66087
3.6062
0.000613739
1.52504
2.08192
2.90125
2.24323
2.87338
2.32059
3.08777
2.71805
0.000173371
2.51512
0.000275435
1.74345
2.77878
2.32494
2.28286
0.550877
3.40181
0.0290065
0.000879163
2.45632
2.02798
3.17434
3.19589
0.00542649
2.65452
0.00195167
0.00165438
8.40729e-05
3.47904
0.971284
3.10468
0.000403514
4.58163
2.95953
1.66006
3.15929
3.00004
3.73721
3.06115
3.84946
1.37456
1.70523
2.01721
3.24393
1.65793
1.34999
2.73696
1.49995
3.60125
1.95578
0.00282117
2.94105
1.48416
0.00702452
0.00207344
1.36957
3.01494
2.54143
2.39149
0.15668
2.96157
1.16107e-06
2.08896
1.33582
2.35211
2.77951
2.53619
3.31653
2.93621
2.53329
2.94879
1.9542
3.54264
5.54285
2.20246
0.00459667
0.00871129
2.46152
1.20373
3.01466
3.0161
0.00358558
1.97695
2.59368
1.93458
1.96847
2.85691
0.0217188
2.97811
2.83299
1.53853
1.53526
2.03455
0.00223366
2.33159
2.0519
2.22784
0.0379961
2.35129
0.789795
2.05527
3.10485
1.10047
1.82251
2.19237
1.82215
0.000457455
2.40222
2.02972
1.70199
1.08197
1.6912
0.00308378
1.51443
3.6022
3.58444
2.95274
1.42297
1.43169
0.00200247
1.8494
4.20375
1.25588
4.15973
4.92657
2.31865
2.54975
1.23574
0.849234
1.83501
2.02803
0.0153718
2.64986
1.19158
1.43875
0.000338607
2.02805
1.25376
3.0321
2.20902
0.892792
2.83651
0.00545793
1.99243
0.629515
1.32424
3.26435
1.39881
1.20684
0.00374904
0.0088016
2.99076
0.000883281
0.00250692
1.56157
2.10555
2.41123
1.6875
2.96551
0.869894
1.57307
1.57188
2.62977
2.66183
3.38262e-07
1.59342
1.62908
1.33315
2.29298
0.0015224
2.17499
1.33668
0.642434
3.18416
1.39117
0.000423914
2.74683
1.08837
1.52491
2.0051
0.000786155
3.05533
1.47088
3.63112
2.05218
0.00169123
1.70495
2.09411
0.0102106
2.63394
3.2079
2.82349
2.44065
2.57051
2.53495
2.98022
0.00653988
0.0111294
2.21492
1.86357
2.09584
2.09309
4.54424e-06
2.51798
0.000919363
3.15167
0.630249
1.17286
2.67312
3.01751
2.44184
3.65721
3.11936
1.8958
1.48084
1.89704
2.47784
2.48614
6.92631e-06
3.00508
4.02126
2.18162
1.18345
2.87552
2.99753
2.90208
2.58157
3.08804
1.70996
0.995772
1.7159
2.60611
2.43833
4.6645
0.0193373
2.13319
0.548589
2.52847
2.04909
2.31658
0.00134188
2.25275
3.44379
1.16875
1.16781
1.59867
2.51674
2.08222
2.08616
0.984106
1.58963
2.65598
0.525727
2.56737
0.629892
2.46469
2.86739
2.46064
0.00736965
2.15896
2.12447
2.18479
2.78586
0.00549327
0.0026896
0.0201359
3.12029
1.839
1.15313
1.40789
1.32938
4.11272
0.000198451
3.09371
3.41578
1.38494
3.91666
2.14016
3.76344
0.012595
3.15756
3.25991
1.49469
2.56846
2.57473
0.00751177
2.15425
1.92972
1.82462
4.02719
2.49211
2.16226
1.84564
2.86511
1.5132
2.58728
2.01364
0.20728
2.67845
0.000224832
1.37505
3.1425
1.72766
3.00873
1.81897
0.486123
4.72691
4.98997
0.00211163
2.94471
2.50891
1.75123
0.874285
0.00408947
0.605822
2.53814
2.52397
2.61302
2.95947
2.9164
1.75159
3.10469
2.42093
0.00297019
1.60701
3.49346
2.55385
2.02687
2.58568
2.23923
3.23347
0.825274
2.44767
1.20266
1.35685
2.13893
2.23618
1.37166
3.0266
1.62598
2.12243
1.62255
0.877699
1.56941
1.85617
3.19066
0.951932
1.91873
3.05066
1.39081
1.73191
1.59004
1.71175
2.00486
1.98558
0.00638087
2.00077
2.90031
2.54556
0.919199
3.00687
3.13997e-07
1.33601
0.000730211
2.04858
3.46699
0.00232535
2.50753
3.81301
1.27408
3.13384
1.64038
0.000106792
2.16421
2.9396
1.41243
1.41252
2.63904
1.29919
2.18259
1.29702
1.9435
2.57087
1.75243
1.75358
2.34179
0.149731
3.01993
2.21676
2.52943
1.85698
2.42852
1.00504
3.95651e-07
1.38848
1.88346
0.644503
3.28562
1.66666
1.74957
1.34873
0.000865075
3.18083
3.02089
2.15242
3.26789
1.45198
2.53372
1.1257
2.20975
1.49084
3.79707
0.00103739
0.0107817
2.88653
0.946135
2.87649
0.922026
2.02914
1.49669
2.71006
3.23213
1.55913
1.75415
2.09141
2.30281
1.33065
3.0053
1.69607
2.65494
7.49349e-05
2.12064
1.82214
1.11095
3.63337
2.72561
2.73848
1.3864e-06
1.03594
2.58549
2.5029
0.00270725
1.70065
2.98404
2.40616
1.70467
2.37402
0.00570101
3.02235
3.01923
1.49126
3.02628
0.787835
0.000422442
3.10386
2.5615
1.43582
1.43537
1.91363
2.39518
0.00409271
1.48715
0.0066234
3.14271
0.00786955
2.30396
2.46297
1.52521
0.0115206
1.08472
2.21787
1.97714
2.21514
3.44741
2.93912
5.27709
0.00130882
3.92654
4.31418
2.41787
3.46909
2.73949
5.73273
1.25443
3.20564
3.04608
1.03595
0.000526941
2.83734
2.08529
2.08851
1.95554
1.37724
2.60844
2.95827
2.83853
4.14904
2.83178
2.31502
2.32667
2.66435
2.77569
5.2321e-07
0.000592166
0.000215894
2.65298
1.79694
1.48877
0.00146499
2.02925
2.87257
1.65902
2.50503
0.000286126
0.00243929
3.23145
3.2021
3.44597
1.67453
0.294738
3.43731
1.28427
0.0143843
0.927081
0.00020205
1.9433
2.64603
2.65213
1.06063
2.61978
1.02162
1.73821
1.88407
1.90654
1.49248
2.13073
1.18281
0.00476989
2.95714
2.3878
3.66929
4.35711
2.41258
4.18234
2.92127
1.28539
1.28301
2.42658
2.56545
0.533388
0.0119797
0.595845
3.25752
1.0482
1.49306
2.6388
2.74951
0.00472277
2.46746
1.855
2.62369
1.85448
0.201698
2.57701
0.1108
1.78196
0.00319579
2.16082
3.78449
4.20024
2.32864
0.00412568
0.0481417
1.1326
0.00756173
1.47924
2.50634
2.09073
3.00493
2.99675
0.00279113
0.737836
3.2733
1.19215
3.04162
0.00101574
2.5684
1.24341
2.51854
2.34784
1.9022
2.06147
2.35585
1.75963
3.11932
0.0920634
0.456915
2.42388
2.86503
0.698657
0.989962
1.17076
2.15236
0.000978158
2.44955
1.87361
3.13649
0.00221609
3.17066
0.0117129
2.49295
2.66046
1.49091
2.19687
0.00244144
1.00127
2.31534
0.00140619
2.83128
0.831394
1.38015
1.03748
3.21334
0.0258122
1.98953
2.27194
3.60947
1.04333
3.77046
0.000377108
1.27264
0.00238618
1.6851
0.481094
0.905142
0.864302
3.13786
1.88884e-06
2.8423
2.74304
3.27968
3.45331
0.000346618
1.27767e-07
2.89694e-05
1.37389
2.71322
1.82402
2.97251
2.44676
0.00167189
2.0427
1.6049
0.00617806
6.58018e-07
1.64353
2.46685
0.287504
2.17556
1.73254
0.00557181
3.22272
0.0286959
1.77188
2.16732
1.75683
0.0804371
2.23924
0.0014005
2.91547
1.89792
2.95795
1.7578e-07
2.93331
1.72771
3.02323
2.80624
5.69902e-06
1.79808
2.33805
3.66632
2.36994
1.24719
0.014605
3.2728
1.12744
2.48946
2.68055
2.19234
2.64456
1.44733
2.28511
0.000921648
0.00799119
2.17242
1.66907
2.71292e-05
2.95258
1.16302
1.33965
0.000359892
2.93903
1.10848
3.28325
0.00240601
0.0939787
3.30184
1.49451
3.87227
1.49024
0.000438801
3.01563
2.79258
2.49994
2.24964
0.00489627
0.00400996
0.00487534
1.88784
2.56174
1.74744
1.2795
2.26741
2.03692
5.78296e-06
2.58004
2.94381
0.021898
1.38399
3.2066
0.00380516
1.66501
1.60993
2.52646
2.77118
1.6483
1.65172
2.77354
0.996656
3.97659
1.36644
1.3599
1.16961
3.657
2.50188
2.46673
0.562732
2.6493
0.0033444
0.00280677
3.13354
3.36531
2.6566
0.00649771
3.92473
2.2899
3.17969
2.33608
1.94085
3.59415
1.01367
2.94215
1.99684
1.29664
2.41001
2.16677
1.14043
0.297537
2.05868
1.56137
2.38181
2.76548
1.98393
0.00791537
2.36918
1.26871
2.95781
1.25383
3.70167
2.35381
3.91225
3.16939
1.70724
0.000969724
1.24259
0.000535607
2.6529
2.77352
0.00028068
2.40933
2.38975
2.06577
2.06577
2.05386
2.63197
0.00179309
1.41674
2.84176
3.14458
2.92454
2.17456
0.833865
2.81546
3.96526
4.87395
0.947162
3.45059
2.4696
2.58993
0.0244363
2.50802
1.47716
1.35176
1.73898e-06
3.19821
1.75806
1.77255
2.07116
4.40153e-06
2.96413
2.55713
0.00188505
1.38847
2.51883
0.0019269
0.520945
1.39421
1.17525
0.824125
0.226658
2.66019
0.00734194
0.833612
0.00501059
1.34255
0.337322
1.51735
3.36245
3.06203
0.00101696
0.110041
2.03974
0.473775
3.05306
0.00026561
1.54666
2.99853
1.31102
0.0111739
0.167134
0.00691946
0.00221223
1.93439
2.90826
0.0100066
1.08179
2.50962
1.92587
2.50998
2.62377
1.70528
2.13956
2.14019
0.00613351
2.62574
1.86875
0.0046792
1.6139e-06
0.00476697
4.02625
3.11398
0.104588
2.54663
7.29249e-07
2.33329
0.0135074
1.6098
2.93903
1.92407
2.53591
3.30778
3.13857
2.35506
2.67232
4.02442
2.29706
9.01943e-07
2.81764
2.52085
0.341176
1.32626
0.00135605
0.0066429
0.813114
2.96375
0.0115424
1.23426
2.26498
2.43288
2.43038
3.09917
1.31056
2.67356
0.92069
1.32006
2.4353
3.28416
1.56583
2.678
0.000943408
1.76607
2.73812
2.70799
2.37607
3.33828
0.00880992
2.98286
2.96592
0.000781538
1.44254
3.2537
3.20099
2.81673
1.424
2.28007
2.90388
3.49395
0.00447841
2.01806
3.26708
1.04697
0.00420759
1.39458
2.17408
0.000248722
3.15328
2.96088
2.84239
2.9661
3.547
0.0622755
1.36787
2.29352
0.681763
5.68473e-06
0.958764
0.00720198
2.93016
3.25989
2.39774
5.16156
0.0039295
3.54905
1.7774
5.54976
3.02854
1.06211
3.03702
1.0617
2.94521
2.81096
0.00132005
1.37682
1.53779
2.83802
1.60199
1.28063
1.29576
0.0407689
2.85212
1.25925
2.41066
0.00191296
2.25993
2.45075
1.83535
4.29552
2.37261
1.50827
0.00133486
1.55898
0.00202464
3.15734
0.610392
3.27995
1.75669
0.437293
1.7597
2.18708
0.332567
3.0166
1.81048
1.81383
2.28706
3.05751
3.05331
1.63477
0.00556833
3.28001
2.91363
4.61326
3.20538
2.43658
2.3328
2.56978
0.0271985
2.01604
2.13671
1.57409
1.97457
0.00157397
3.23494
2.13038
0.703051
2.11886
3.14091
0.702915
2.37862e-07
3.45222
1.27951
1.83754
8.29445e-07
3.33944
4.49313e-06
2.28107
3.18117
0.00282654
0.68801
0.00444645
0.806219
2.60418
1.77505
1.76723
2.4213
1.58381
2.6227
4.6695
3.585
0.00325399
0.743657
2.15769
1.76017
3.08987
2.92076
1.80503
3.01803
3.08183
0.492273
2.81869
2.28579
2.28781
0.958267
2.3849
2.14863
2.14601
2.66083
0.00179997
2.81711
2.72682
1.71326
3.03223
2.91091
1.72063
1.88589e-06
1.43205
2.26189
2.82716
1.41428
0.00521052
1.92077
3.1165
2.73915
1.68502
0.00592682
0.000854984
2.56798
0.0214149
0.30239
0.00126609
1.44227
0.0146619
2.86042
2.12724
1.80148
1.89916
3.08932
2.87575
2.91029
0.00517044
3.29689
0.00635736
2.52676
2.14412
1.98842
3.21258
0.0358908
2.87556
1.73644
2.47199
2.85105e-06
2.95846
1.34726
2.95555
0.00298985
1.94845
3.19026
2.03002
1.57901
1.69593
4.81116
5.32663
0.00289354
1.83151
0.874647
0.00271489
3.04913
0.828443
3.00637
2.12216
1.361
0.830977
3.24811
2.02756
2.93084
0.00376279
0.0206465
2.83078
2.83739
0.157997
3.27209
2.92509
3.09106
2.33898
0.0230082
1.44651
2.93725
0.786492
2.44594
2.33297
0.786227
2.81808
3.02246
2.3285
0.00547425
1.74581
0.000645699
1.4202
3.07057
2.11072
3.74432
3.31209
2.7539
0.00585956
0.000352646
2.30055
0.00282058
3.4315
1.45807
0.989929
2.22812
1.46154
2.26568
0.898743
2.91528
2.95765
3.36936
1.4714
2.86545
0.000454427
2.94006
1.48918
2.3336
1.99081
1.99403
0.127859
2.34398
0.00158561
0.00198627
3.38624
3.52242
2.67017
2.99143
0.0164231
0.964201
3.55759
2.99401
0.0951787
0.00164945
1.43761
1.24684
1.19065
1.37373
0.000347588
2.97915
0.00359939
1.83918
1.54332
2.7381
2.62529
1.24203
1.65743
3.49843
1.34753
2.56604
2.09797
2.47577
2.8377
0.00142405
2.37693
1.10107
3.38909
0.00127235
2.24798
1.49763
2.67696
4.82385e-06
0.059553
2.50667
1.03763
2.07634
1.4516
2.61231
2.61376
0.00548759
2.75819
0.00262225
0.00205099
2.71472
1.28904
2.00777
1.05799
2.77417
1.38152
3.04125
2.87651
7.63364e-07
1.33921
2.27121
2.88381
3.03986
1.87369
2.66768
3.00877
2.55006
0.090003
2.51255
2.6922
3.15094
1.04701e-05
2.30184
2.0309e-07
2.42759
1.97321
1.49156
2.38242
1.37451
3.0537
0.984666
0.984638
2.58071
0.00803946
2.76746
3.69985
3.58437
1.64454e-07
2.7331
3.29944
2.15727
2.59908
2.94109
1.17655
1.20128
1.30124
2.29034
2.12538
3.33881
3.66237
3.34036
0.00107983
0.145062
2.77699
0.802454
2.07346
3.71306
0.874389
0.0108393
0.000850185
2.97706
0.00254838
3.33314
0.00183554
1.05604
3.01464
2.11171
1.8999
3.01462
0.000270643
1.32002
1.04922
3.19947
2.1651
2.35014
0.00084492
2.37012
1.53289
2.59189
0.835592
1.95243
2.41836
3.9376
1.0289
2.4891
1.8408
2.70022
1.8446
3.41908
8.58221e-08
2.73835
1.08341
3.07598
3.30827
2.74981
0.000263405
3.39625
2.37098
1.86388
1.86707
2.74149
1.54228
1.37309
2.75737
2.15222
2.32104
0.00240032
3.31993
3.04488
0.000856187
0.00116237
3.88745
0.00249893
1.15812
1.39246e-07
2.36885
1.26506
2.82956
2.34739
0.619144
2.51964
1.68284
1.87632
1.75149e-06
2.811
2.20853
2.29599
0.567584
2.5881
1.40441
3.15481
3.15545
9.18024e-06
0.000940539
2.70396
2.17217
2.9087
0.718454
1.53182
0.624027
3.46511
3.06043
2.35124
1.56609
0.000795285
1.03692
1.0131
3.33827
2.39014
1.23381
0.162562
3.87371
1.36707
3.30509
0.016425
2.51833
1.50858
0.000775284
3.01333
3.17812
0.000791278
1.62273
1.97658
0.00356636
2.85843
4.09789e-07
2.73767
1.84067
3.03854
0.000595846
2.71792
2.53371
3.86381
3.42021
1.27833
1.40761
2.12814
1.27602
0.00514042
3.18252
2.50627
2.77706
2.76181
3.20719
4.20251
0.00107122
2.15704
2.63798
1.03825e-07
2.98337
0.011104
3.47206
2.21637
0.000143249
1.82071
0.0608082
2.80139
2.59057
0.00552895
1.58214
2.96635
0.436326
0.00869573
3.08488
0.000601774
0.00155778
1.75738
0.00236515
0.849371
1.95186
1.43255
0.0181427
2.75109
4.52883e-07
1.02269
1.78265
3.20317
2.62744
2.54723
2.51104
2.11019
0.000756716
2.87151
2.0511
2.6633
0.00391333
0.742789
1.54024
0.00330227
2.60353
1.86014
1.15307
0.00519109
2.5577
0.0251915
2.95865
0.0148835
2.47723
2.18767
2.31695
2.48714
2.49747
0.0184864
2.6102
2.02045
2.63969
0.00399872
0.000179974
1.5035
2.11617
1.32627
0.000108489
2.85418
3.00408
2.885
0.0441953
3.06608
2.27415
0.0091969
2.90964
1.69942
0.0102577
0.115093
2.83214
0.733937
3.33476
3.32323
2.33399
1.94324
1.9272
0.0225485
1.37399
1.08037
0.000120836
1.34624
0.00235373
2.66806
0.00286143
1.26914
3.15153
3.20825
2.96688
1.74328
1.78008
2.79078
4.81042e-07
0.0018832
3.40869
1.19651
2.30962
0.00523439
2.34503
1.53788
0.00552494
3.18633
2.61024
1.83845
1.3222
2.88003
2.14342
1.31809
0.00624581
0.829276
2.56965
2.01033
3.08536
0.0178029
1.2073
2.41414
2.61006
1.28363
3.11068
3.33051
2.65048
3.75916
3.02634
1.45281
1.97394
2.83531
2.74663
2.17022
1.99166
1.94455
3.00162
2.74283
2.8252
1.0717
0.00303535
1.82596
0.00544237
2.88612
2.88785
1.34441
2.94979
2.52671
0.000910289
2.7914
2.91499
3.69197e-07
3.52337
3.49228
3.1806
2.75412
0.0020924
1.95608
0.0260436
2.94202
0.632031
4.81018e-07
0.646705
0.7159
2.83003
2.86844
3.488
3.15478
0.00535307
3.30931
1.53938
2.77088
1.97572
1.33468
3.40247
0.00589371
1.49887
2.02146
2.88297
0.817009
3.39597
0.818025
3.63331
2.06277
4.95163e-05
2.86133
1.18165
2.79534
2.05795
2.04941
3.10626
0.0026063
3.13778
1.13995
0.107054
4.47032
1.11668
0.00139212
2.29254
0.00118887
0.142615
3.10431
0.471846
0.00510882
0.000440783
2.93766
1.06316
0.00167454
2.84877
3.11967
2.77803
4.55355
0.861294
0.0185554
2.76348
1.90441
2.22654
3.45802
3.12083
2.85635e-08
1.51684
0.00718969
1.83486
3.05507
2.10575
2.72578
1.24302
3.28641
2.95513
1.87224
2.29463
1.76759
0.00721149
2.40193
3.02416e-07
2.10823
2.85333
1.46553
0.000229415
1.16619
3.3237
1.44754e-06
0.00424629
2.43202
2.81335
2.39252
1.29211
0.0440802
0.0118431
2.97056
1.33636
1.84147
0.00221954
1.09351
3.03418
0.000850223
1.32007
2.99639
2.04865
1.48573
1.44784
0.0103414
2.14346
1.52159
3.21225
2.78976
2.57536
1.22652
2.68687
2.63121e-06
1.14742
4.26033
3.09028
3.28043
7.35419e-05
3.03916
0.917628
3.47743
2.39015
2.34057
0.00185956
2.98218
2.09841
0.0172452
2.42431
2.72017
0.00563475
0.014685
0.000702009
2.35311
1.8399
2.70652
1.23269
0.00360584
0.00238877
2.56171
1.26914
1.75383
2.50242
1.77163
1.46533
4.50579
3.26776
0.830703
3.2687
1.08259
0.0039115
1.73282
2.10005
4.11261
1.8422
0.92784
1.07809
0.910905
1.64403
2.40317
1.67271
2.10174
1.41544
2.38165
1.19994
2.45158
3.11019
2.49041
1.58766
1.56593
2.30641
3.15225
1.56161
1.88179
1.88169
0.000344957
1.57907
2.64623
2.05624
2.16239
1.77496
2.23781
1.801
3.48543
0.0281353
0.000203152
2.108
1.91452
1.35309
9.25753e-06
2.11029
3.00854
2.12399
1.7308
2.39124
0.00338151
2.84383
3.18775
0.000285258
0.910634
2.52517
2.09079
2.55678
1.76567
2.50832
2.29402
2.7272
0.865895
1.97234
1.73047
2.60515
1.48415
2.79018
1.48239
2.94168
1.34119
2.84313
3.06489
1.64195
2.39457
0.00205544
3.74237
1.58911
0.00105611
0.000611422
1.32614
2.5276
2.91551
1.32168
1.59217
2.36004
1.89675
0.0022189
3.34268
2.9961
1.61626
3.93637
3.26243
0.532895
1.5144
2.7441
1.05311e-06
2.89116
0.000198141
1.67693
2.26649
1.71455
1.71477
1.70973
3.48816
2.04414
2.0283
0.00339047
2.61931
2.52352
1.04522
2.52791
0.00182113
2.58231
2.57325
2.67614
1.94999
0.0155165
0.000803254
2.50833
2.81854
3.11928
1.29116
0.00058885
3.11851
1.01125
2.74677
0.978866
1.26028
0.0217652
0.765828
2.91564
2.95795
2.91608
2.3131
0.00116719
3.12456
2.16618
0.121681
3.00504
0.0288466
3.36919
2.64116
0.723963
3.17858
0.00859154
3.80717
3.19493
3.25775
1.72735
0.893123
2.92835
1.39229
1.38429
2.76695
0.570116
0.000403917
0.00209307
2.23237
2.43983
2.60581
2.43929
1.96788
0.00804737
1.52922
2.65885
2.07763
4.45825e-06
3.33315
0.00296975
2.52147
1.24536
1.46137
0.0106573
2.28906
2.0434
2.57038
0.785887
2.54279
1.92293
1.46245
2.54056
2.53966
0.00608243
0.0281076
2.46472
2.43353
0.63927
1.16405
3.92588
1.25175
2.80943
2.23957
3.0882
0.0407458
3.05978
1.26927
2.48528
1.97104
1.24208
2.00466
2.44227
0.000891126
2.20164
1.43602
1.45422
2.28737
0.404524
0.00370484
2.20908
2.14786
2.01056
2.9301
2.43029
2.91119
0.870005
1.26542
2.97205
2.64906
3.59908
0.863816
1.2139
3.55504
2.34847
2.96031
3.39305
1.65687
1.64546
2.77795
0.00105315
3.11341
1.11211
1.90354
2.54711
2.5725
0.00069207
2.69088
1.07567
0.000538031
3.22315
1.49521
0.0198781
2.5609
2.46126
2.43497
4.19161
2.54586
0.00096324
1.28188
1.09833
2.37571
1.25954
2.34231
0.00442755
2.15051
2.3238
0.00564224
2.91125
2.20143
6.60128
2.85869
1.87667
2.7727e-07
2.96914
2.3971e-06
2.4879
1.80258
0.00519347
2.69707
0.572546
1.38305
0.000870061
1.77912
1.36503
0.00500127
2.6208
2.45162
3.36471
1.79228
1.49872
3.10397
1.25938
1.52518
1.14885
0.9989
2.38756
0.000522754
0.895751
2.0299
3.22822
0.00169123
2.66088e-07
1.31623e-06
1.50171
2.93576
2.96673
0.162668
1.48308
2.54385e-08
1.73491
1.80358
3.61158
1.74746
0.0120108
2.68129
2.1998
2.75499
3.31235e-07
2.31723
3.71602
3.47046
3.5805
0.0830636
2.67735
3.5349
2.76331
2.00023
2.87474
0.0021039
2.52002
2.2178
2.72896
2.09085
2.3663
1.2327
0.00284572
3.0546
2.85251
1.83225
1.82487
1.95615
2.87203
0.00124048
0.000862585
2.46388
1.55885
1.93393
1.78281
1.97996
2.37954
2.43896
2.43884
4.95593e-06
0.461067
0.0121594
2.7093
1.99335
0.129488
0.00107224
2.21913
1.29154
2.05267
3.70671e-07
1.29975
4.32034e-07
2.92064
2.39955
0.167105
2.83153
1.5148
1.86254
2.86668
2.18746
0.0254283
1.98295
1.86329
2.90146
1.08468
2.30549
1.08385
2.1921
0.0165182
2.0598
3.10381
0.617635
1.68047
0.0009439
0.251575
2.23034
3.44173
7.88673e-07
0.000214854
2.46897
2.48223
2.07576
0.00125666
4.31582
2.35121
2.05899
1.74148
2.3351
0.00779277
3.14173
1.75357
0.946175
1.8211
1.8005
2.23392
2.26356
2.27279
3.18023
1.45352
1.72332
1.45055
2.63772
2.12364
1.59481e-06
0.000877788
2.81693
1.11926
2.84915
0.000229696
3.19213
1.76719
1.90295
1.04113
3.32529
3.44369
2.85382
1.22503
0.00480342
2.98593
0.862856
2.74033
2.74033
3.60356e-06
2.55213
2.27561
2.2332
2.27817
1.84343
3.31516
0.000110134
0.489749
3.06461
3.0257
2.9916
2.61748
3.61855
3.61481
2.01832
1.67633
0.00463819
0.954937
3.07255
3.44194
2.6259
0.0203632
0.0028816
1.99168
2.33466
1.48287
2.49707
0.963692
2.70799
2.47065
0.00202519
2.966
3.06349
0.821806
2.38897
0.00193782
2.33729
2.0067
2.82583
0.909319
3.02609
3.0606
0.000756747
2.16492
2.28688e-07
3.24848
0.00352858
1.88175
2.97076
1.78237
2.24971
0.133761
2.49549
1.43538
4.88316
0.861095
2.30939
2.31182
3.13207
0.856461
2.51773
1.3122
0.00107014
1.18972
2.05039
2.25066
3.06109
3.40778
3.18543
1.70846
1.71182
4.56286e-06
5.15243
2.57504
0.00989473
3.29309
3.24226
0.00484809
0.00363449
1.59413
3.27927
2.04374
9.82253e-08
2.69692
1.20272
2.60148
0.68055
2.6315
1.20322
8.07266e-05
2.83266
0.633563
3.28889
4.45772e-07
3.05728
2.08793
2.14175
0.357203
2.33633
2.33502
0.832986
0.00816965
0.00916888
1.75064
3.00155
0.000479958
1.66182
0.00432867
1.60599
1.57037
2.30664
0.00363579
1.0889
1.07912e-06
2.73602
1.09661
0.00241932
2.33484
1.96166
0.000523144
2.96658
1.1848
1.18513
1.91958
1.90586
0.935744
0.780993
1.89223
1.61485
1.18808
0.401799
1.69068
2.40933
3.06685
1.12573
1.14317
2.16779
0.00223676
7.56687e-07
0.00161768
2.66296
2.44264
1.51911
1.81137
1.12426
2.99812
3.23553
2.38038
1.72206
3.50551
1.69319
0.00690947
1.83877
0.00485296
3.17908
1.64729
3.0024
0.00102905
3.04566
2.45735
2.92518
2.25806
0.139765
2.2849
3.40487
2.85943
2.89989
1.71587
1.4331e-06
6.61804
0.00988363
1.73548
2.65287
2.81605
2.93257
0.932388
1.82687
2.66435
0.871674
3.75505
0.0418245
2.58467
4.66483e-05
2.36261
0.00490857
3.07433
3.59091
3.01675
0.000433152
3.85175
2.30823
0.00222592
1.89476
1.69282
3.1013
3.19253
3.22953
0.989079
3.14716
2.67561
0.523492
3.13202
0.608925
3.11845
2.58993
0.00688271
2.97624
0.000297298
1.21021
2.42247
1.92481
1.90221
2.94036
3.03195
2.80519
1.4706
2.54469
2.80377
2.55442
0.0010371
1.7148
2.53813
0.00516815
3.19856
0.00799299
2.77149
0.704885
1.22315
1.91606
0.843329
3.76764
2.37144
0.00616771
0.000885448
3.07249
2.87671
3.24358
1.60902
3.16107
0.955875
0.00404977
3.77345
2.9167
0.842029
0.00487072
0.0023465
2.26353
3.4006
2.87553
1.98766
0.000418146
2.61528
1.24938
2.33402
2.19016
0.593408
3.22433
3.01816
2.45291
1.83654
3.26274
3.16648
2.63574
2.9941
0.0620663
1.52464
3.20467
3.05079
0.0768762
3.17318
3.07787
0.0013499
1.61511
2.56201
2.29286
1.42236
2.51746
0.00444934
0.000555349
1.11111
2.69489
1.75974e-06
3.10374
0.0014098
1.62871
2.55021
2.36493
0.960702
4.05628
9.92123e-07
2.46245
1.02139
1.85289
1.45319
3.24158
5.07343
3.16705
2.07895
2.12242
2.39821
1.24338
1.8909
0.00580616
2.65288
2.541
3.13673
1.08428
3.0305
1.09472
2.22512
2.6145
0.87024
1.70822
2.5446
2.05365
1.47983
3.05085
1.61127
1.61217
0.001804
2.42119
1.41797
3.12661
4.21723
3.77341
3.32925e-08
2.52637
0.00423116
1.49225
4.01887
0.00532559
2.12931
2.41119
0.00941436
1.97804
3.53463
3.04064
0.602622
3.21739
3.20658
0.0141535
0.424274
1.38436
0.00354258
2.25387
2.91113
3.02861
2.02082
3.20444
1.91232
0.00107201
2.06449
2.13121
0.00565375
1.5655
0.999322
1.46109
3.34989
2.46771
2.34059
0.00215906
2.66169
0.00393937
1.70645
3.01697
3.05725
0.0232711
0.1194
2.63594
2.85812
2.61144
0.662459
3.11512
1.37652
1.3806
2.11651
0.000751763
2.28973
2.13588
3.0174
0.0179927
0.0224979
3.22956
2.58003
1.50285
2.84921
2.43557
1.66401
2.43485
1.38291
1.95898
3.19953
2.18171
3.98198
6.77638
2.54844
2.59978
2.35523
0.00232832
2.7095
0.00297292
2.94388
0.130089
2.89283
1.7388
2.65796
1.77095e-06
0.00250541
1.04168e-06
2.41259
0.0014961
1.22192e-07
2.9092
1.09623
1.672
2.26452
3.4122
1.75082
0.00405236
3.28608
2.33552
3.01305
1.80222
1.89562
2.38512
0.902996
3.18056
3.06285
1.46596
1.46191
3.0142
0.00235378
1.95419
2.89019
2.23773
3.04636
2.959
0.605677
2.76828
3.05163
0.0161335
2.9008
1.39696
1.3983
2.92801
1.42253
1.4224
1.80546
3.429
1.08752
1.088
3.41226
2.95844
2.50629
0.600774
2.23692
0.00920902
2.90855
1.36281
1.86507e-06
2.73787
0.171066
3.5576
2.22152
2.11294
1.62806
1.81616
2.57292
2.42217
1.6899
1.91072
2.08601
2.99589
2.10134
2.12683
1.01262
0.0177306
1.68944
1.09907
0.00665436
1.22491
1.64349
2.02446
3.08613
3.44726
2.14103e-07
2.16712
0.00212935
2.99638
1.99252
1.0502
0.000774297
1.53385
1.33147
3.31823
1.75
1.55076
2.41334
1.67703
3.04531
1.78252
2.84966
1.99273
1.08058
1.98926
2.63837
2.85684
0.00460937
1.79895
2.42752
2.87838
2.55898
1.5612
2.54866
0.663763
1.87871
1.02568
3.08186
2.71713
1.92061
3.10278
3.2276
1.64447
1.46534
3.59743
0.0338684
2.2103
2.20773
1.48634e-08
2.46342
1.89296
2.55255
0.0119414
1.57688
1.50947
5.28826
3.81788
2.94979
2.82547
1.43264
2.22991
1.42657
2.8915
4.38366
0.00171547
1.72503
1.81033
0.00886021
0.00233426
2.46148
1.6234
2.07263
2.64725
1.10318
1.10423
2.18199
1.30272e-06
0.00229501
1.90559
0.944156
2.15933
2.62821
2.78998
2.40921
2.66509
1.73069
2.33918
0.000115315
3.67385
2.12118
2.45542
0.00581662
2.26912
1.7657
0.00693506
2.9001
1.23727
0.00541731
3.09015
1.97452
0.00557843
0.00117844
1.87891
2.92298
1.22443
0.0372963
3.29892
2.64964
0.068743
1.95307
2.74927
2.996
0.00117562
0.725571
2.14708e-08
0.923051
2.68783
2.32074
4.91019e-06
0.00140826
2.99221
0.00456208
1.99373
1.36194
1.83369
2.6086
3.14441
2.61354
0.0021563
3.14962
0.00140563
1.0526
2.74874
2.86522
2.718
3.24203
3.04709
2.96094
2.50559
2.01655
2.87833
1.84112
3.83771
1.90697
2.20812
1.6757
2.63379
0.0110225
3.48795
2.59883
3.96719
2.27785
2.81702
2.89837
2.82003
0.00239298
1.53905
2.64996
3.14178
0.791326
0.0388516
0.241323
1.76618
1.26645
1.76527
3.01935
2.41134
2.44434
2.30147
3.71353
0.00123836
1.39118
2.18295e-06
2.88839
2.57346
2.44347
1.35195
2.317
2.53657
3.1078
2.58133
2.72073
1.34932
0.00110677
2.53817
2.42022
3.98122
3.30805
2.58884
1.75396
2.33151
2.59113
2.10193
3.14353
3.14837
1.26839
1.27251
1.54586
1.70428
3.95862e-07
2.86321
1.55111
1.92865
2.84256
0.0693281
1.77544
0.00637382
1.87297e-07
3.03551
1.46587
3.26246
2.22141
3.27299
0.0261615
1.16103e-07
2.33935
3.03494
1.84072
1.79985
2.99253
1.46682
1.46494
1.19219
0.00878725
2.65673
0.00923753
1.77549
2.8581
0.000331709
2.75374
3.91361
3.96073
0.0028207
2.90264
1.9794
1.67437
2.51866
1.20017
1.96678
0.00684161
3.13385
0.608544
0.00181602
2.83251
1.53969
2.23533
0.00151391
0.904672
3.11935
2.86318
3.00221
1.84396
1.93638
3.97259
2.09415
2.70307
2.09868
3.19079
0.00156537
0.00106118
1.84711
2.07372
3.31326
5.93429e-05
0.00894199
1.60946
1.32648
2.41761
2.07452
1.71425
2.8051
0.529942
4.28652
4.59709
3.22397
1.37168
1.31772
1.37187
2.32651
2.2943
1.66194
2.6626
1.65278
2.93245
2.68594
1.13691
0.000402857
3.45954
2.97485
2.65634
0.943911
0.00604757
2.99764
3.11642
2.47605
2.31832
2.36806
1.90631
2.29824
3.77533
3.02286
0.000330981
1.97587
0.878308
1.89942
3.06837
0.00142707
2.92401
3.12225
3.02004
3.59152
1.60254
1.27869
1.60254
2.51466
2.57398
2.27329
1.96921
2.04576
1.49226
2.06046
0.28759
2.04763
4.04333
0.483496
0.00343651
2.58855
1.43893
1.48851
2.45646
1.43854
2.81591
3.2875
2.80287
1.86424
2.05719
3.02417
1.86743
2.6552
1.76718
4.65243
3.59387
2.87032
3.14848
2.45267
2.39401
0.00806492
1.95057
0.000124107
1.1916
2.69895
1.83195
2.99493
2.90817
0.0108668
0.00317472
0.00153251
1.91234
1.51953
2.39761
2.71995
2.54288
3.40558
1.27449
2.6057
2.6057
1.14421e-06
2.85707
1.58114
1.09576
2.88471
2.98563
2.93554
1.64464
0.0139995
2.64856
2.45278
2.09663
0.916047
0.59409
0.602668
2.16519
0.00223148
2.09203
1.97344
2.40932
0.510877
2.38464
1.62807
3.28945
0.000853979
1.60136
2.21228
1.6036
2.90717
2.22842
1.5867
3.1834
3.26651
1.93562
2.47061
0.975538
2.91597
2.79679
2.09744
2.5378
2.39056
1.99211
2.43803
2.66038
2.90977
2.99007
2.85267
1.80553
1.76738
0.959638
0.00248764
6.93558
2.7935
3.01921
0.00216675
2.70071
2.39471
1.88019
0.00311255
2.29545
2.92556
1.18491
0.749836
2.84508
2.75954
2.75919
1.82564
2.68389
3.3084
2.61324
1.8341
2.8827
2.37025
1.08645
2.15993
1.12873
1.70306e-06
0.00162737
2.86804
2.39456
2.8815
0.0169363
3.05679
2.32215
0.0102759
1.82253
3.15357
0.00528865
9.97802e-05
2.40769
3.20113
0.0334573
1.31052
1.03966
0.0017877
1.21559
0.00112521
2.26688
2.08715
1.88565
1.02669
2.38646
0.00633587
1.18857
3.1891
2.5443
3.05522
2.62358
1.95618
0.0669764
3.47953
3.00328
2.06597e-07
2.56648
1.43567
1.50691
2.90798
2.79336
2.79902
3.30117
2.59328
2.28025
2.74201
1.92292
1.73653
2.65718
3.03491e-06
4.97011e-07
1.0572
2.58379
0.840725
1.18696
0.0563565
4.06758
1.55197
0.0191048
3.33073
2.81663
3.12211
3.22804
2.26376
2.2063
1.43126
2.96638
2.6095
2.68652
0.000535685
3.15834
2.182
3.11072
0.00763695
0.191687
1.16354
2.75804
0.00287497
3.39485
2.39946
1.86779
1.87009
0.00330922
0.170982
2.80565
1.87279
3.28442
3.07485
1.93777
3.11838
1.42333
1.09726
1.83406
1.7394
1.83634
0.165512
1.77675
3.16005
2.61355
2.78934
1.6722
2.58115
1.6722
3.41469
1.80092
0.856187
2.7515
0.00305323
1.79523
2.22588
0.00100487
0.0513044
0.00213273
2.68132
2.52213
0.979366
0.019755
0.000407534
2.97874
2.40923
3.06936
2.17173
3.15169
0.613453
2.47638
1.21778
1.96723
3.06369
3.29948
1.22413
2.7528
1.68275
3.27504
1.36845
1.86218
2.45543
1.94208
1.55506
2.78534
0.000701183
2.36738
0.0757811
1.77461
1.77851
3.59485
0.905502
3.02415
0.905747
3.32672
3.03129
1.59906
2.85726
1.45333
1.46023
0.000306675
0.9952
2.65245
2.11237
3.01655
2.45026
2.18337
1.20661
2.18952
1.08402
2.5056
1.4382
2.31705
2.88985
6.09889e-07
0.00553446
2.70262
1.06892
2.78941
0.00154194
2.46241
3.27754
1.39924
3.52884
0.00622401
1.50932
2.02122
2.1979
2.72643
0.00460012
3.0878
3.23759
0.648963
0.84616
2.88805
3.88952
3.49318
0.00105272
2.83671
2.17142
1.87094
0.00602605
2.47176
3.04333
1.15464
1.93605
1.15384
2.82919
2.14277
1.57443
2.89861
2.09569
2.90413
0.931528
5.07672
0.0017444
1.85313
0.000690148
1.31747
3.33992
0.00125934
2.42275
2.13134
2.48988
3.60216
4.21006
1.87455
1.62239
3.45123
3.07622
3.13733
0.00565828
0.00770668
0.00621427
2.29028
2.78871
1.99628
0.00247447
0.132312
1.53393
3.56292
1.51412
1.38314
0.001463
1.99353
2.50157
0.00308919
0.00162903
0.481631
2.2933
3.0059
0.00153213
0.00290829
2.5028
0.00233306
0.00185354
1.78827
3.2521
1.59163
2.60674
1.7785
2.95491
2.44678
1.59039
0.937152
2.73305
1.03852
1.03014
3.25641
1.50309
1.54953
1.50864
0.686285
3.06769
0.00293868
2.39057
1.10771
1.35924
2.97192
1.86398
1.87008
0.00196744
0.285326
0.641666
0.00188456
0.000645971
1.96638
3.00664
3.06966
2.97277
3.11831
0.000621067
0.00184225
2.81126
2.392
3.57152
3.13958
2.02766
0.182611
0.94278
1.63466
2.05002
0.00745375
0.00110185
0.0452487
2.37985
0.0131895
2.2244
1.52212
1.93041
1.79115
2.73238
2.88905
2.91263
1.46751
0.921811
1.59646
3.71495
0.00156064
3.0874
2.76673
1.66157
2.16148
3.19913
3.03458
0.00300044
2.30835
1.42869
3.1124
0.00427401
0.000636538
0.00563493
3.95918
3.02944
1.31343
0.0780482
2.22261
2.10594
2.90851
2.91991
0.00960434
1.44916
0.0139824
2.57418
2.81888
1.14498
3.03607
0.989257
1.54472
1.03865
2.13214
0.603174
3.15283
0.630254
2.11985
1.40034
2.89996
4.19268
2.77497
2.47986
0.845404
2.71995
0.0962844
2.30635
2.03654
0.00575136
2.12742
1.60716
1.17372
3.16037
3.24848
2.29727
1.95589
2.94796
1.14759
1.50952
2.7932
2.94118
0.0078851
0.000231559
3.68962
1.62449
3.03867
1.30804
2.87169
0.00422669
2.41754
3.15634
1.65276
2.86823
2.87705
1.62838
0.0132875
3.09623
1.53913
1.79473
2.19342
2.98372
1.70563
4.84413e-05
3.10963
1.6035
1.12621
3.21388
1.12078
0.0531587
0.0684114
2.25242
1.63398
1.51853
0.00469126
2.54221
1.52261
2.23137
2.63293
0.0078795
1.23338e-06
2.89664
1.17724
2.51765
1.18975
0.000721744
2.8537
1.98917
2.40582
4.08111
3.42684
1.16309
1.30262
3.42521
2.4901
2.45403
2.56721
3.06172
2.32486
2.50861
0.0397877
1.70792
1.64509
1.5809
2.57675e-06
4.10814
0.00179973
2.14439
3.168
3.63915
2.69395
2.63775
1.62488
1.62718
2.8332
0.00185415
3.06054
2.77527
0.00998712
0.000666574
2.07141
1.56027
2.61403
1.76085
2.06841
1.79862
2.13682
2.83727e-06
1.0098
1.21259
2.34049
3.10025
2.02085
5.27095
4.73752
3.28186
1.22239
2.44186
2.44271
9.03567e-06
3.24298
0.0138727
2.07388
1.90999
2.75998e-06
1.90112
0.0289724
2.66601
0.438304
1.07924e-06
2.61964
1.30825
2.30095
2.3008
0.019688
0.46195
3.04845
0.525841
2.85539
0.973772
2.97818
4.37168
1.47669
2.97237
0.841668
2.3285
2.85756
3.16911
1.50027
2.03892
2.98618
0.71887
2.04208
0.719217
2.75428
2.8595
3.56517
2.57535
0.00635627
2.32687
1.96294
2.88576
0.00304037
2.04562
1.52071
0.00278345
2.19735
2.67852
1.89902e-05
9.19106e-05
1.20032e-06
2.68045
2.35872
3.13213
0.0118888
3.02547
2.12703
1.11241e-06
3.02004
2.67995
2.12526
2.7946
1.12764
0.0132879
0.792132
2.51359
1.82447
1.75014
2.62981
1.78881
0.842181
3.30978
2.60038
1.66437
3.17881
1.79917
1.65759
1.98199
2.6306
1.91012
3.7725
2.61333
1.34602
2.1977
3.1089
0.826985
0.827821
0.183654
2.88941
1.92399
2.48582
0.0082513
1.61244
0.00116154
2.36524
1.21282
2.73673
1.46641
2.22929
2.23076
0.00424115
2.51221
2.18994
1.62011
3.35283
1.72378
1.82039
2.35032
2.6436
1.77918
2.7499
1.27664
2.81503
2.80214
0.0155362
1.76388
0.00568411
3.10779
3.0001
2.81611
0.783739
3.07079
4.53877e-06
2.58843
2.25199
0.00883334
0.77528
2.74581
2.05039
2.15686
2.05408
3.49323
0.0840431
2.42543
3.63739e-06
0.00217159
4.73329
2.71434
3.35376
0.966847
1.72959
2.45279
2.16874
2.32223
1.20541
0.00301046
3.35898
0.0222168
