3.06693
0.292157
2.30272
0.291965
2.59462
2.90657
0.000801047
0.000329349
0.0354104
2.77985
0.120182
0.00319093
0.707603
0.711022
0.00240662
1.90376
0.990877
1.90995
0.00744196
0.000526471
0.942525
2.67649
2.21454
2.66085
3.88578e-16
0.447357
3.04554
2.32077
2.71773
2.60064
0.872854
1.95443
0.0012147
2.40067
2.85164
0.7063
0.371087
2.27325
0.705567
0.334687
3.01545
2.28024
0.693899
0.694435
0.00155815
0.75561
1.82931
2.65407
1.37628
0.773185
3.09554
3.06806
1.00305
2.61305
2.81576
3.11109
1.81194
3.11915
0.564777
2.06069
2.36385
0.559627
2.6242
2.22045e-16
2.71192
0.0299075
2.32391
2.84173
4.44089e-16
1.93778
0.596508
2.99116
0.672802
0.372067
1.91988
2.90338
1.04504
2.59284
0.000319274
3.0747
1.04686
1.78692
2.55221
0.000376478
2.98283
1.28139
2.9297
2.16257
0.0286604
0.0291021
0.00071007
1.02188
3.0731
1.35841
2.68267
2.05873
2.19143
2.92492
2.90542
0.915205
0.916356
2.5829
0.156109
2.92206
2.88085
2.83508
0.596815
3.12122
0.596467
2.56549
2.48525
5.50835e-07
2.51119
0.936271
1.95726
2.93477
2.22045e-16
1.12036
0.00113448
1.48992
0.669087
1.54758
0.555858
1.5701
2.05778
2.03286
2.86679
2.61352
0.682953
0.00296478
2.93171
3.11563
2.04908
1.28351
1.27994
0.000919025
1.64371
3.07599
0.0227577
0.0227717
2.81507
0.688346
2.73727
0.689801
2.85608
2.80673
1.29319
0.443363
1.14008
1.29493
1.7383
1.10191
1.39718
2.65725
4.02747e-05
0.616757
3.07932
3.05671
1.81926
3.11373
2.58588
1.20127
2.69973
1.49723
2.60752
0.00112869
2.62091
0.00601929
2.8647
3.11839
0.782283
2.82418
2.80959
2.93618
2.13183
1.94492
0.819943
8.71952e-05
0.782583
0.766649
1.24822
2.96099
0.00148654
0.00285936
1.04796
0.00082921
2.16692
1.34459
1.5971
0.00118746
2.69603
0.582113
0.582113
2.69584
0.00358007
1.92154
3.33067e-16
2.91331
3.01399
0
0.000601345
1.75634e-05
1.95957
2.83975
0.93824
1.87282
2.49489
2.77332
0.860122
2.89697
0.945335
0.860098
2.03694
3.09865
1.29277
1.296
0.00209304
2.88886
0.156542
3.12629
0.00188343
2.94162
2.79701
0.0835947
0.084848
0.00131584
2.74039
0.000218073
0.000152072
3.10488
1.15995
1.80472
1.85639
0.0509467
2.80577
1.02927
1.09863
0.488273
2.65281
0.000844265
0.00114394
2.49523
1.87283
2.89131
2.03531
0.000180026
2.27435
0.83308
2.94986
2.31654
0
1.07398
0.370674
2.72249
2.56792
2.92366
1.02241
3.05699
2.98393
3.066
0.897188
2.93934
3.08582
4.85607e-06
0.000200823
2.51552
3.95144e-08
0.00061189
2.76721
0.0044129
0.000158971
0.00128954
2.22598
1.57419
2.39267
2.36504
1.73062
0.00114037
2.79716
1.2529
2.06304
0.00431645
2.59314
0.574444
2.25218
0.575498
1.67812
2.90218
0.000399845
1.47337
0.00319181
1.30062
0.953347
0.00163226
0.231198
3.04852
3.13651
2.90123
3.00347
2.91548
2.9243
0.666767
0.666792
1.93182
1.56073
2.92096
1.65946
3.09432
0.000624669
1.38784
0.00124562
1.39554
0.000201444
1.75581
1.6345
0.00075384
0.228068
2.75116
2.99258
2.51608
2.20906
1.40623
0.964671
0.00146493
1.96732
1.11022e-16
2.39583
0.817876
2.59824
2.11672
0.010865
3.06229
0.00413106
0.000624509
3.11803
1.8592
1.56055
1.5514
0.00859124
0.0929391
0.99562
0.000230878
2.20105
2.69113
1.20532
3.07975
0.289765
2.77377
1.11361
0.240499
2.53307
0.196257
2.85453
3.07251
2.26506
2.20723
1.90995
1.60719
2.0714
2.4009
1.82432
0.440725
0.0180239
2.97609
0.24752
0.250986
0.00756152
2.70953
0.576638
2.74442
0.575151
2.1697
1.27633
0.566676
1.07273e-05
2.99965
3.10304
0.000393523
0.000670395
0.312601
0.0189737
2.88495
1.69332
2.91444
0.422081
3.03495
0.422281
2.82595
0.955922
2.54047
3.09931
0.818318
2.58615
0.000464506
2.89982
1.06976
0
3.10289
0.866685
0.157662
1.20436
0.000209564
2.49234
1.50919
2.38767
0.706587
2.40924
0.0147845
0.584612
0.171655
2.2829
0.215699
8.79451e-05
0.000262008
2.50969
0.00173364
3.33067e-16
2.75808
3.09306
0.191662
2.87988
0.191662
3.07154
2.44473e-05
2.43441
3.05633
2.37078
1.67453
2.68322
0.527144
0.525559
3.03471
0.446001
0.456194
0.00102062
0.562499
2.84857
1.89566
2.16233
2.87178
0.00572282
2.49233
1.20485
0.638217
1.7051
0.00239838
1.19503
2.83614
2.6501
1.13693
1.3064
1.30642
0
3.93952e-05
0.000364549
0.0210494
1.01005
2.55118
3.02822
2.7541
1.54683
2.68142
3.33067e-16
2.73987
0.644268
3.11518
0.000316039
0.497859
6.70019e-05
2.08807
3.04608
1.5904
0.154369
2.75325
2.60887
3.14134
1.51708e-06
1.80235
0.00354989
2.64976
3.06466
0.443045
2.44292
0.447438
2.88764
0.4999
2.43636
0.0114254
2.86659
2.7788
1.35935
0.287462
2.82517
2.59085
0.368676
3.12278
1.79211
3.13785
0.368912
2.79149
2.76894
2.69081
0.830641
2.56542
4.4863e-05
1.61802
2.39351
0.00210218
0.729916
2.52978
2.66005
3.02306
2.27822
2.8678
1.10393
1.10393
2.37967
0.00112465
2.69729
0
1.97477
0.112682
2.32463
2.80641
1.04695
0.000672862
0.000601308
2.17615
0.747757
2.16898
0.000888849
3.13351
0.0618708
0.0595147
2.4065
0.000580698
2.99245
0.702927
2.6223
0.00227968
0.0347151
2.66977
0.00282564
0.963943
2.28201
2.22045e-16
1.66347
1.58248
1.90109
2.44864
0.000431087
8.56295e-05
2.43857
0.655837
0.000458955
2.23151
0.0929924
2.6545
0.000597035
0.000968049
0.000652517
0.666428
2.65897
1.19309
2.83311
3.10271
1.61019
2.0399
2.95679
1.86052
2.78265
2.43528
2.27761
1.83478
0.00055619
0.000674948
1.24939
0.00147368
3.07044
2.84396
0.948125
2.81353
0.000374322
2.74918
2.82881
0.525135
1.84967
2.97335
1.09757
0.014516
2.91529
2.59635
4.79102e-06
0.000216821
1.21257
0.892644
3.11331
2.7706
0.00193178
0.996617
2.1503
0.94793
2.96217
0.00191243
0
0.00044233
3.12013
1.21157
2.34965
0.00443411
0.0198404
1.18134
2.00151
3.03234
0.355639
2.87132
2.8327
3.09004
2.86671
0.355646
3.09485
2.8375
2.51107
0.274335
1.95884
2.54471
1.60415
1.69082
2.54204
2.77002
0.972862
0.969744
0
1.12215
1.4311
2.39647
0.312486
2.47545
2.85296
0.60453
1.31776
0.605973
1.91824
5.55112e-17
2.9779
1.01433
2.69576
0.00579576
0.0122934
0.130008
2.90428
1.1932
1.69959
3.02845
1.32472
1.83111
3.10259
1.40301
1.99079
3.01212
2.85768
0.00209435
0.000220336
2.74662
0.0166963
0.43329
0.0035913
0.771454
0.000132085
0.518215
2.60875
2.65263
3.12647
2.05466
0.169368
2.72179
3.97124e-08
2.72494
0.0226006
0.770319
0.000719357
2.86777
0.662013
0.398917
0.000152575
1.98113
1.38014
2.10574
2.71199
2.37995
0.981314
2.50456
0.157169
0.00278139
3.01924
0.0220888
0.999216
1.91867
0.0793689
2.16219
0.516915
1.79717
3.13591
1.37587
1.67583
0.0063266
1.91901
0.00333697
2.87763
1.25127
0.843038
1.76526
0.504278
1.7003
0.000786705
3.01575
1.75477
0.147332
1.49296
2.26152
0.00210834
0.00337118
2.88855
0.000784171
0.00294087
0.839308
1.85716
0.232085
2.70777
2.98512
0.154515
2.30704
2.83911
3.11333
0.24484
0.243428
0.492806
0.00122267
2.66491
3.05862
3.12475
2.92167
2.4742
0.736801
2.65194
0.496905
0.00420258
0.000537201
0.0772986
3.01799
0.000776919
0.0086257
0.000238306
0.0762372
3.05702
2.42989
0.920238
3.05112
0.917215
0.892389
2.82132
3.33067e-16
6.53314e-08
1.98001
0.000528846
2.66879
0.00141006
1.87915
0.07653
1.81064
0.00736492
2.81983
3.09667
0.6308
2.80428
0.943582
0.944116
1.06381
0.0171303
3.0846
1.03067
0.833951
3.11903
2.93899
1.48617e-05
3.06066
0.120449
2.50334
1.85295
3.00006
0.00129827
1.9721
2.57762
5.85112e-05
0
2.81039
0.00256441
5.22579e-05
1.4917
4.65473e-05
2.76523
0.263351
2.61524
0
0.103796
2.32563
2.69527
2.93824
0.00623492
0.00206245
0.0010443
1.99474
1.48689
1.28661
0.000448724
2.96782
0.980943
2.63602
2.33734
0.000727738
0.0131629
0.000736782
2.81535
0.810689
1.73574
2.48326
0.000328123
1.78269
2.70774
1.51126
3.09351
2.11006
3.12812
2.265
0.743939
2.75086
2.70456
0.474112
0.338483
2.35392
2.69352
1.4139
0.00832737
1.70831
2.72863
2.88916
0.000149088
2.74751
2.9413
0.903534
2.6762
1.73278
3.11446
1.58279
2.18089
0.00103927
0.839135
1.61567
2.18494
2.52252
2.45727
3.06408
2.0684
0.00010325
3.04691
0.650728
3.09672
2.72068
2.86895
3.09447
3.07768
1.3628
2.09026
1.36186
2.83141
2.38966
3.46712e-06
2.14829
5.2084e-05
1.84948
3.03637
0.00426833
0.000201004
3.06356
0.691543
2.84153
1.16173
0.876539
1.83638
2.44746
2.88948
2.77165e-05
0.000958546
2.41858
0.00219404
2.59764
0.0006433
3.08288
0.615296
2.22012
0
2.93616
1.48121
2.93683
1.28522
0.633857
2.97197
0.0342175
2.48504
0.603009
2.94602
0.635349
2.61183
0.0010366
0.000759772
2.83069
2.0684
2.96901
0.477227
2.84147
1.15256
0.488667
2.91442
2.67087
3.00898
2.18221
3.12337
2.69334e-07
0
0.000790541
0.824444
2.51102
2.64599
2.83362
1.68464
3.01172
0.000134164
0
1.72912
2.68093
1.26336
1.27804
0.122519
0.00241706
2.80674
0.334497
1.86836
0.00297922
0.726804
2.30464
2.60991
2.29849
2.19821
5.6186e-07
0.000441298
3.12433
2.14621
0.470306
0.00163861
0.000907096
2.97442
0.799078
0.562955
3.03241
0.234917
0.308766
2.44463
2.04167
2.84354
3.0171
0.306666
1.00579
0.306608
1.3124
0.351821
7.51328e-06
2.96845
2.93532
2.96279
1.88211
2.70064
0.000720222
0.00179063
3.13801
0.301857
2.77503
0.872963
1.65926
0.872627
0.7863
2.6079
2.67645
0.00313181
0.00036545
2.56242
0.898259
2.29794
0.895496
3.08975
0.187927
3.03997
0.565565
0.566019
0.266477
1.07415
2.2471
2.22433e-05
0.500456
2.95713
0.802087
1.53215
0.802439
2.33424
2.1701
2.65073
0
0.000213835
0.909914
2.0085
2.94994
2.5317
0.44112
3.92988e-05
0.910597
1.83878
2.27823
3.01346
0.910168
0.0805307
0.610686
3.00808
2.99451
2.66325
2.38474
0.758151
2.77556e-16
2.67086
0.0701043
1.01094
0.000514678
0.713854
2.72159
1.72498
0.000140245
2.72746
2.97794
0.534075
0.000666255
0.0245079
0.299159
0.00123879
2.99363
3.05355
2.69447
0.244475
2.97344
2.40384
0.00510157
2.99078
0.113522
1.76249
0.113573
1.64871
2.66978
0.00011897
3.00861
1.29612
2.49102
0.00433515
0.00631655
1.67789
0.0065947
2.87219
2.28878
0.00352402
0.393025
0.66952
0
0.618636
0.0098909
2.73492
8.88153e-05
1.57552
1.76789
1.83307
1.15589
0.0651773
1.65445
0.031805
0.11702
5.48889e-05
2.93463
1.4851e-05
3.01095
2.16108
1.96473
0.900675
2.81914
0.000146741
2.88124
2.68489
1.62083
2.09898
1.14908
0.158425
1.34089
2.43369
0
0.000496485
3.07384
0.573325
0.57339
0.850818
0.00243849
2.70205
1.82617
2.94687
1.85185
2.67637
3.07537
0.000155372
3.60822e-16
0.00274534
2.76705
0.9415
2.46996
0.669496
2.17662
0.00283899
1.61383
2.83663
0.000716696
0.00195858
1.59638
0.680453
2.72678
3.32447e-08
0.636379
2.79398
1.70269
2.55116
2.93402
2.15866
1.91584
2.98716
1.07238
0
1.92402
0.262993
2.76486
0.0044687
0.101219
3.02075
0.368427
2.06224
0.35627
2.42723
2.6088
3.11763
0.373945
0.374619
0.000770959
0.956729
1.95363
2.44041
2.92207
0.000236423
1.11523
2.40343
0.998228
2.39402
1.39705
0
0.21396
2.94531
2.94561
2.73158
1.31463
0.361074
0.0042552
2.95185
3.07564
0.679767
0.681979
2.43706
2.68136
0.600761
2.52015
0.295775
0.598025
1.92257
1.0094
0.000150217
1.08352
2.40158
1.70741
2.79796
3.12653
0.000114551
0.992684
2.74644
0.983878
2.45191
1.75375
2.27177
2.93369
0.00338051
6.60855e-05
0.755398
2.98503
2.83063
2.20452
2.15453
2.94107
0.0259248
3.05624
2.76228
0.000928397
0.232493
0.363884
1.76536
0.000792013
1.3643
0.767923
2.89717
0.000434151
2.37612
0.159588
2.93541
0.00079047
0.482412
3.08229
0.0394911
0.0310472
2.28679
1.95511e-05
0.00074909
3.02203
0.000496882
0.000193515
8.94237e-05
2.59798
0.586751
2.06446
2.12539
3.11721
0.00370429
2.71584
0.820482
0.347894
6.34548e-05
2.39263
1.89809
3.04319
0.000100686
2.51324
0.439042
1.23175
0.000471746
2.62858
0.55438
1.34709
2.13727
3.00481e-08
0.00138702
0.00458577
2.32557
0.000944822
4.24648e-05
0
0.823187
2.5036
2.69353
0.00401255
0
1.03464
0.00104638
3.00251
0.0212488
1.08436
2.96593
3.13124
0.00960781
2.16393
2.44652
3.06759
2.90213
2.92001
0.0116454
0.00637638
0.846745
0
2.83829
0.906625
3.0023
0.439587
2.09814
0.440113
2.53835
0.00169921
2.70981
1.10302
1.47376
2.81148
0.0209866
3.10939
0.528665
0.130327
0.138726
0.0269842
2.93905
2.33883
0.250135
0.252248
0.000324667
0.000527935
2.78377
0.857778
3.08729
3.03519
0.00430353
1.12107
2.75626
0.0670274
0.0660127
0.0331966
2.54467
2.96871
0.0902698
0.000410674
1.31889
0.000436062
2.66929
0.636502
2.62627
0.00259185
0.113859
0.00317019
2.68767
0.000372176
0.715988
2.91075
2.93675
2.19426
3.01067
0.189908
0.19484
1.40487
3.2206e-05
1.92406
3.03683
2.77174
2.58586
0.00165269
2.16527
2.63989
1.71431
0.0134395
0.834239
2.93552
0.761607
0.757115
0.000640949
2.31396
1.17669
1.70738
0
3.10144
0.438182
0.439216
0.000526331
1.92679
0.226415
2.28938
0.601784
0.906118
0.000348565
2.81063
9.58247e-05
2.79891
3.08808
2.61868
2.22045e-16
3.08818
2.70343
0.000206227
0.000113282
0.0752496
2.91136
0.178381
0.973353
1.81285
1.40689
2.35435
3.13434
0.484279
2.65398
0.000709443
0.00702397
0.334167
0.618495
0.00696821
2.91255
2.71549
2.75272
1.89229e-05
2.0231
0.217713
2.69001
2.6497
1.28318
3.0422
0.0004422
2.43243
1.06591
6.23288e-05
2.63744
0.659084
2.92285
0.00142145
0.031034
0.32711
0.000431722
2.68229
0.887787
2.51804
0.000835165
0.00057511
3.1095
0.000166127
0.000380876
0.429949
3.01831
8.1419e-05
0.715874
2.1866
2.80128
2.23194
0.604473
1.88734
0.0071209
3.13028
0.0432936
0.000143842
2.83044
0.497811
1.4736
2.252
0.000108069
0.236837
2.36339
2.75177
2.34572
0.000188867
0.438786
1.93992
2.95913
1.4986
1.53693
0.563488
0.00270088
2.47837
2.91337
1.91593
2.41218
1.40271
2.82475
2.59543
1.0452
0.000171745
0.656571
2.72957
2.78874
0.00209347
0.0018718
3.07857
0.474927
1.13285
0.000421187
2.76757
3.00272
0.0984374
0.958839
0.958196
0.000120997
3.05658
0.143439
2.83835
0.553424
0.55584
0.174564
0.675804
2.27769
3.05623
2.59375
0.000137877
2.72989
0.565583
2.82935
0.00412899
4.01933e-08
0.82007
2.00365
1.90122
2.82372
2.96749
0.113579
3.037
2.92081
1.86196
0.115504
2.92028
1.85325
2.41959
0.00216145
2.91933
0.671455
2.89721
0.0045993
2.88749
3.98527e-05
2.5014
0
2.45152
0.690688
1.4437
0.00317727
2.78213
0.576063
2.30599
0.581664
2.06752
0.66123
2.83116
3.01984
2.38416
2.78903
2.35685
1.7439
1.51862
2.50667
0.506978
3.04033
0.258978
1.18945
1.94025
2.73612
0.765714
1.69618
2.51268
1.08793
2.66033
1.09043
1.56969
1.22605
1.75479
1.25939
1.92406
5.63413e-05
2.5418
3.03897
0.000427824
2.54435
2.99879
0.773761
1.67322
1.65072
2.02445
1.71912
1.95137
0.255163
0.254635
3.0699
3.07562
2.58205
0.85677
2.96483
0.5347
0.00328106
1.26452
2.86239
1.79904
0.841674
6.79171e-06
3.10323
0.275792
2.94169
0
1.01924
1.57565
2.86792
0.00180243
1.91907
7.35804e-05
0.365322
1.61863
3.04767
1.87309
2.48226
0.00268272
1.16953
3.21141e-07
0.242708
0.0622761
1.01653
1.11834
0.575919
3.07373
3.00556
2.70531
0.000199105
0
0.756753
0.000212407
0.000973348
0.584143
2.90392
1.28043
2.8766
0.696502
2.52658
2.40775
1.04023
1.03895
0.000279182
2.977
4.44089e-16
3.33067e-16
2.88413
0.00214467
2.22045e-16
2.93387
1.97709
1.47788
1.18813
1.19294
2.67123
3.07188
0.363767
0.363606
0.635786
3.06138
0.322021
0.325031
0.00023094
2.59554
1.05698
2.19668
0.000425492
0.00122217
0.00207494
0.700777
2.18833
2.21567
2.48886
2.88911
1.51489
2.45009
0.935199
2.81151e-05
2.38347
3.12329
0.502383
1.34685
2.9293
2.62052
0.844074
1.98444
0.902259
2.79536
0.259279
0.00090929
2.60449
2.76874
0.222032
2.8445
2.81142
0.00289851
2.84786
0.88862
2.7721
2.80517
2.58479
0
0.0059766
3.08158
1.08559
2.40033
1.09274
2.79012
0.563951
0.000853545
2.86723
2.99518
2.8527
0.890123
0.910738
1.60966
2.1998
2.88042
0.00201155
0.388746
2.34528
2.79208
2.19109
2.73975
2.62554
0.00116005
0.00161798
1.67817
0.587914
0.0021753
2.64757
0.955751
2.45453
0.502444
2.79924
1.62744
0.111574
0.503987
2.29557
0.615241
2.95217
2.33815
2.29018
0.00245554
0.792549
2.51689
0.727411
2.15373
2.97374
2.43654
1.64851
0
2.82179
3.05664
0.0084581
0.946476
2.96019
2.92008
2.63841
0.00265733
0.672572
0
1.4864
2.83844
1.10208
0.00164966
1.36904
5.48125e-05
2.56846
2.55072
2.79494e-05
2.5376
0.00171457
2.45533
9.57392e-05
2.32005
0.000179269
1.68039
2.98734
3.08837e-05
2.99714
0.000198446
2.85005
2.22083
2.36786
2.75985
0.86076
0.00287832
0.327181
2.41568
0.000750997
0.000696494
2.69752
1.31133
2.40865
0.262541
2.66768
1.00967
2.74548
0.000424183
2.68755
2.78717
0.972888
2.97491
0.971565
2.004
2.24357
1.87094
2.77629
0.00232956
3.06084
2.71598
2.41476
0
0.000618121
0.00465098
0.730971
1.88961
2.57035
1.16639
0.000590829
1.08366
2.80068
2.88152
1.71527
2.63362
0.0017245
0.00135172
0.869344
2.77119
2.93706
0.105013
2.61113
0.911029
0.909624
0
0.0543072
2.68815
2.23909
3.02586
2.74223
2.96107
2.66189
0.756844
1.90807
0.00413824
1.95084
2.96596
1.3906
1.194
0.0846545
2.37771
1.51891
1.58599
2.00516
0.000553927
2.72458
0.000704081
0.781174
2.75758
0.00075797
2.3321
0.00390438
0.000118334
0.751312
3.08148
1.58398
2.91563
2.3342
2.7426
0.549232
2.59228
0.546636
2.0446
1.95249
0.258962
2.96829
1.82679
2.37411
2.65338
1.56646
2.11378
2.72779
0.00138477
0.000895216
2.95288
0.608589
2.57034
1.03052
0.607809
3.10493
1.63843
3.01366
2.92619
0.252419
0.0233464
2.25121
2.71039
0.199983
2.97686
2.7496
0.160782
2.95159
3.13161
3.0272
0.385873
0.386182
2.64233
0.016623
3.01291
2.07737e-05
2.04309
3.09428
0.2179
0.2179
0.945259
0.0239055
2.3705
2.42328
2.96184
1.1081
2.16068
3.06748
0.935536
0.000950218
2.99622
0.237363
0.000183573
2.71481
2.80033
2.93242
2.47745
2.56297
3.04866
0.0178093
0.0180869
0.666206
1.60152
2.26068
2.50394
3.05409
9.08645e-05
0.918046
2.4748
2.6148
1.55556
3.11873
0.000692992
0
0.85821
2.66734
1.44877
2.54508
2.14486
0.000312123
2.98609
1.08182
2.31964
2.91401
1.05545e-05
1.26963
2.55607
2.81324
0.385994
0.912009
2.77741
0.00160774
3.07763
0.000633451
2.93378
3.11034
0.765404
1.36261
0.765681
2.12774
1.64338
2.71626
2.91896
2.55204
0.00287524
0.000605999
0.000142285
0.217635
3.08545
3.02861
2.9801
3.04929
3.06934
0.186897
0.650308
0.186602
0.836929
1.25519
8.29792e-05
3.06264
0.00698419
0.00105106
2.67138
2.25474
0.00646291
1.61831
0.750573
1.45049
0.00040444
0.386752
0.769251
2.74967
0.382236
1.0177
2.99326
0.858084
1.53369
1.71276
0.487213
2.02459
2.47403
0.460986
0
2.9658
0.0816943
3.13131
0.269712
2.09019
1.37131
0.261465
2.35514
7.25251e-09
3.13624
0.771286
2.79744
0
2.98592
0.0003947
0.000403132
1.31295
2.14983
2.88776
2.13843
2.96127
1.82173
0.887115
2.31314
1.03559
1.04037
2.89935
0.000393549
2.7691
2.15587
2.78741
1.36602
2.39747
0.789858
8.57944e-06
0.0307984
1.78884e-05
0.804852
2.30455
2.50542
3.10989
2.33563
7.02368e-07
0
3.09639
0.972032
2.0614
0.973489
3.0322
2.52303
0.429595
2.48667
2.86284
3.07635
0.230333
0.193841
1.39897
2.99145
0.00694807
2.9466
2.71521
1.36497
0.0040267
0.000732901
0.134448
0.308557
2.72314
2.99832
0.533846
2.94054
1.82919
3.05003
2.36187
2.92414
0
0.000515339
1.64088
0.218348
2.54272
2.6959
2.53629
3.1105
2.47131
0.00665516
0.000464686
0.000200545
2.85703
0.321373
3.00548
0.000389365
3.03887
0.0347125
0.000399804
0.782723
0.00038463
0.144849
3.05045
0.927537
0.000790322
2.39207
0.871497
2.60213
0.00308492
0.00938681
2.47407
0.00166915
0.00178536
1.45559
2.51174
0.458643
1.62853
0.466156
1.16975
2.98821
1.39272
1.51908
0.0011173
2.55034
0.320455
2.05832
0.0241937
2.07066
0.00059374
2.95221
1.63284
1.64559
2.74971
2.41043
1.53995
3.01559
1.6135
1.06135
1.04643
0.00482021
0.0205264
3.07781
2.43933
2.9591
2.90787
0.0149929
0.275762
0.00350374
0.220387
2.82129
0.000662469
0.00041134
0.967792
0.0015137
2.45549
2.68535
1.19524
1.19892
1.20473
1.51069
2.37358
3.1162
0.956428
2.13145
1.64595
0.957018
3.08767
0.886378
2.45664
3.12842
2.72728
0.474629
3.44366e-05
2.77397
0.740802
2.60388
2.91043
0
1.07943
0.00061776
2.83511
1.07653
0.00220022
2.54728
3.07519
0
2.51221
0.487632
0.930171
0.00465683
1.26789
2.75386
2.19912
0.567429
1.0199
0.00010071
2.26376
2.90866
2.99893
1.43743
2.58031
2.94358
0.000452953
0.164137
2.99237
1.47402
2.72367
1.7659
2.73621
0.00227389
3.0302
1.14229
0.000675739
2.78744
0.899524
2.72518
0.000111409
0.000785855
0.952828
2.70922
1.55812
3.00717
0.604916
0.000485738
0.795515
2.25091
2.33326
3.04508
2.94267
0.332547
0.743318
0.33031
0.410647
0.0295596
0.371422
2.21198
0
0.702562
3.04363
0.0840405
2.8126
3.01334
0.0795818
2.73302
2.93375
2.03681
0.892494
1.41889
0
2.7657
0.00021109
2.36623
0.749234
2.85489
0.918892
2.24173
0
0.169658
0.0815807
2.87079
3.13951
3.10099
0.808752
2.65879
0.843158
2.78466
2.80247
0.10935
1.75822
0.110206
1.64804
2.91671
2.92928
2.77749
0.40268
0.238116
2.75051
0.00317833
6.10768e-05
0.212124
0.000149632
1.90416
2.58086
2.56343
1.87743
0.000141252
2.63917
0.322085
0.469086
2.2345
0.795291
2.32911e-08
1.76113
1.68957
1.36755
0.00419657
2.43918
0.560108
2.49396
0.00637348
2.24791
0.00191102
0.000470459
0.9255
0.000184886
2.90063
0.0431711
2.01393e-05
2.52755
0.128567
3.10453
0.00387416
8.70471e-05
2.29347
0.649346
0.113676
0.50428
0.00139916
3.05927
3.03003
2.71943
1.12768
0.0786324
2.7379
1.223
0.97093
0.278684
0.000325833
0.754863
2.57382
2.49277
2.95456
2.49489
2.85557
0.116663
0.116663
0.00139658
2.82466
1.53529
2.80675
0.897072
1.50511
2.70517
0.585935
2.8495
0.58574
2.26376
3.03174
0.899734
2.03567
1.44863
0.900669
2.93633
2.34929
1.42521
1.85247
2.7635
0.551283
0.00310169
3.09035
1.00882
1.3224
1.72336
2.91186
1.01232
6.66e-05
3.11597
0.206199
2.42053
1.89617
1.7828
2.97059
0
1.68997
1.989
2.91314
0
0.746442
2.23872e-05
0.171652
0.753884
2.579
2.70748
0.451942
0.444901
0.00264111
0.382323
2.78112
0.386024
0.430179
2.75523
0.530827
2.8624
0.531025
2.33197
2.33505
2.75944
0.00577907
0.000532584
1.90363
0.713272
2.91972
2.69179
2.86481
0.714662
2.87812
2.15154
0.00127123
2.67697
0.0131223
2.63373
0.0080574
2.88211
0.321055
2.67413
0.320063
2.99384
2.69937
0.000435022
4.44089e-16
2.21964
3.33067e-16
0.301631
2.70901
2.74604
1.82255
2.35418
3.01064
2.12418
3.1247
0.0106199
0.00893016
2.98735
0.00916158
0.111534
0.00690872
0.105152
1.44012
2.80952
0.00278556
8.1159e-05
2.71169
0.000473079
0
2.89168
0.28475
0.28439
0.000806949
2.44931
0.0459616
2.27952
2.07004
3.07682
0.00100355
2.02508
0.812008
0.00228053
3.08957
0.790323
0.0705081
0.000341306
1.34148
2.54694
1.41587
1.01847
2.2837
0.000423241
0.195072
2.62707
2.79497
2.82214
2.81764
2.73606
0.00133528
0.00077897
0.000172038
2.67875
0.682649
2.6825
0.00728808
0.54761
0.000204291
2.76765
0.00403061
2.87108
0.7027
0.702612
2.90103
0.757104
0.757104
3.0416
0.000498311
2.25527
9.79743e-05
2.77565
1.27953
0.586248
2.22027
2.84647
2.405
0.000873628
2.59227
2.44604
0.758996
2.9346
0.000273727
1.60066
0.000109854
2.78989
3.053
2.66096
0.000939735
2.39984
1.83063
0.877578
0.00536087
2.98804
2.71117
2.54006
0.16951
0.88753
0.176121
0.00664656
2.83941
0.961364
0.959574
2.4194
0.0421885
2.07657
0.981229
2.11561
0.00113711
0.000188411
3.09762
0.699188
1.99358
1.60598
0.211525
0.00068958
0.119941
2.94925
3.06535
2.8267
2.68388
5.07591e-08
2.59544
0.948632
2.61586e-05
3.09032
1.54605
2.88972
0.264031
2.8821
0.141069
0.143099
2.5184
0.178462
1.88887
2.01319
3.11235
0.131859
0.132407
2.82198
0.0029433
0.00225406
2.73193
0.00519124
0.00454761
2.10422
2.89758
0.00138347
0.0026736
0.85368
0.001487
2.89703
3.03421
2.04302
0.931809
2.99309
2.32854
2.85664
3.10838
2.2806
1.50158
0.905302
2.81575
1.52255
3.01033
0.000560881
0.000172921
2.95041
0.0006393
1.02391e-05
2.20806
1.4303
0.000577767
2.19839
2.80052
0.8688
2.31715
0.86963
1.44835
2.80321
0.0380482
2.70819
2.72859
2.60612
0.756501
2.89772
0.760248
2.63012
0.00203748
2.54782
1.57228
2.09513
0.00118128
2.57197
0.871925
0.870676
2.84572
0.777972
1.14193
0.995561
0.253769
2.508
2.65987
2.5965
0.000472495
2.69449
2.936
0.00342457
2.6235
2.86501
0.0033228
2.32354
0.125167
0.0980248
2.79166
0.00225115
0.557415
2.66989
2.46029
3.05565
3.06116
2.91943
0.649804
0.654593
3.08315
0.75038
0.754587
2.85579
0.000654207
2.92674
0.000120529
2.52753
1.42759
3.14052
0.452823
3.59943e-05
2.21053
0.00075987
2.01376
1.89539
1.10399e-05
0.587585
0.993067
3.1253
2.70883
2.90626
0.412236
2.99352
2.59135
3.0743
0.336256
0.00058087
2.09666
0.669041
2.92016
2.13976
0.00416012
1.39214
2.9062
1.05194
1.0532
0.50084
2.4437
2.21966
3.05798
0
3.05004
1.09029
2.88582
0
0.755542
3.06342
0.650978
0.653945
2.51824
0.00226246
0.0058341
0.000530176
0.000375358
2.78537
0.689065
2.02934
2.71214
0.114192
0.454266
0.838987
2.9252
2.61607
0.315779
0.613803
2.58299
0.740082
2.67487
1.35475
0.129653
0.00110537
2.65366
2.12435
0.910667
2.82548
2.52592
1.9966
1.03841
0.837897
0.00331921
3.00031
3.13631
0
0.0735907
0.000374715
1.73824
2.92426
0.697301
0.0837314
2.71062
0.000194077
2.75104
1.96365
5.1574e-05
2.68558
2.81021
0.00123083
1.02146
2.8613
2.65116
1.84043
3.07059
0.0863068
0.600098
3.00245
2.41579
0.00448009
0.00261662
2.14137
1.50556
1.50508
2.77348
0.000570299
0.00153774
2.91121
0.297626
0.296201
1.80885e-07
1.33653
2.74447
0.403812
1.14277
1.54161
0.000114563
2.8322
2.52455
3.00371
0.00136057
2.81013
2.9939
0.517797
0.0705232
0.295573
2.77
0.000107237
0.0119607
3.10757
0.559759
0.560439
1.43102
0.798205
2.99934
2.8805
2.63221
0.138313
0
0.767404
0.0022412
1.53278
3.06221
2.30021
2.03534
1.55732
1.02323
0.00264435
3.12928
0.00785156
1.52006
2.29753
2.74651
0.00172496
2.75237
1.88245
0.847715
1.66952
2.71389
2.55776
0.000956222
3.18266e-05
0.429541
0.00102049
2.16285
1.10565
1.79967
0.000934908
0.0308051
3.07955
0.138823
3.10202
0.00311193
3.07007
3.07931
2.97181
1.78248
8.77036e-05
2.98686
0.00017337
0.263253
2.8963
3.09859
2.63408
2.96431
1.98327
0.331272
0.672975
0.740945
0.33131
0.00146269
1.07368
0.000344604
2.46367
2.97121
2.70386
2.75239
0.0219684
0.91037
0.000308917
2.83801
0.930385
2.96204
1.92724
1.84115
4.44089e-16
2.5969
1.98124
8.58882e-05
2.93629
0.170975
2.16818
0
0.000161572
0.00112149
2.52426
0.795061
2.76169
0.00137466
2.79525e-05
1.91023
2.23216
0.000347745
0.942877
2.07869
2.6727
3.02176
2.91476
0.248824
0.00602212
3.11479
0.825649
2.91957
3.07426
0.136121
1.9126
0.13564
2.04824
3.11019
0.0810414
2.98151
0.0806249
3.06255
0.799661
2.69948
1.24407
0.0568137
1.92756
2.686
1.31555
1.99903
1.33183
0.0021816
2.95556
0.68848
3.10423
0.00883807
1.04449
1.07225e-07
2.97405
0.000400952
3.12639
0.460539
2.85583
8.37859e-05
0.198717
0.648265
2.52915
2.8365
0.000147011
2.99838
0.181319
2.18541
2.80592
0.00119768
2.79495
1.02375
2.23652
1.1788
1.17652
2.86773
3.06447
0.600932
0.600465
0.000282903
3.13186
1.54081
0.0933059
2.71348
1.44921
0.503023
2.64784
2.87749
1.29329
0.000730638
2.97171
0.53951
3.09625
0.534922
2.56134
2.6683
0
2.73203
2.06479
2.89446
2.05413
0.878698
0.00544732
2.88751
0.000758686
1.73397
2.3045
0.205486
1.44426
3.05603
2.0767
1.67206
1.58621
1.09787
1.80895
1.25287
0.0345892
1.78331
2.51103
0.14598
0.00667775
0.00544977
1.84315
2.64966
0.0582981
1.28652
1.62192
2.69928
2.99136
1.21471
0.000588438
2.53476
0.0886185
0.00090824
3.11744
2.59926
0.568505
0.560654
0.933985
2.98187
3.12651
2.31063
0.0017119
0.0547587
0.00367369
0.955935
1.1895
1.03008
2.404
2.76955
2.66727
1.00891
2.9756
2.65021
1.65827
2.50282
0.000125857
0.000201538
1.11999
2.91781
0.000358108
5.72895e-05
0.204563
0.000395747
0.904054
2.75654
2.63816
1.85227
0.452012
0.00174845
2.78446
0.862627
3.0093
1.15876
1.17615
1.15819
2.33282
2.56064
2.27958
4.52457e-08
3.09267
0.000539665
2.38679
3.49983e-06
3.01487
0.478821
2.5716
2.41726
0
0.226687
0.58139
2.85213
2.68225
2.98255
0.30683
2.20261
1.56005
0.299299
2.50962
3.11171
0.449262
1.92256
0.449262
2.37182
2.76845
2.50447
0.921884
0.667462
0.926179
0.260738
3.0887
2.35617
0.724514
0.656299
0.730989
0.00980613
0.000954353
2.82746
2.53592
1.26276
0.195296
2.53347
1.22343
0.194295
0.00182241
1.02996
0.382402
0.421729
0.720865
0.842775
1.9826
2.70384
3.01931
0.30933
0.309843
0.000374325
2.56623
2.8912
0.00120878
3.02162
0.89519
2.659
0.000744802
0.267448
0
2.3942
0.770534
2.20156
0
0.0344969
2.95701
0.563728
0.563174
2.96575
1.86662
0.809191
0.809191
0
2.72314
2.03973
0.0074458
2.8527
0.0012092
2.29957
2.81666
0.000136563
4.43498e-05
1.31123
2.97401
0.365314
0.377765
0.335966
0.943164
1.60983
2.83798
2.69312
0.000305693
0.00042282
3.00166
0.721543
0.720479
0.00125236
0.881082
2.3537
1.48522
0.199712
2.43542
2.75725
3.01203
0.0284429
0.951529
3.072e-05
1.45752
2.23346
0.00207349
0.0174669
0.39489
2.8225
3.05191
2.70098
2.83638
2.93216
0.000284379
2.20954
0.211573
0.00118439
1.86078
0.560334
0.000779998
2.59451
2.16458e-05
0.0439023
3.00588
0.632057
1.67544
0.627482
1.04803
1.25181
1.54012
0.00291625
0.0038154
3.00225
2.2051
2.65276
3.00852
2.21137
0.00140097
0.43447
2.79788
3.13526
0.000326315
2.97565
0.397579
2.7093
0
0.00246533
2.16112
0.00162607
2.88549
0.484939
2.56765
2.79416
0.0176271
0.683971
0.968904
3.09118
0.00137114
0.52084
2.68928
0.509473
2.95426
2.60721
3.11722
2.16844
2.43342
3.12805
2.22356
0.209862
0.000480773
3.06585
2.49303
4.44089e-16
0.332624
2.43297
2.64848
2.76688
2.62792
2.96686
0.00139811
1.43133
0.00032631
2.45154
2.2749
0.00419141
0.00370569
1.14409
0.000100755
0.991147
2.75197
2.14567
0.0350807
2.73318
0.000549077
0.7248
2.33073
0.000193846
2.75798
2.83561
0.000374269
0
0.305341
0.00160472
3.11958
0.039766
1.12676
1.36204
2.52883
2.71939
2.36237
0.00255763
0.561179
0.000150882
1.07957
1.61839
0.104286
3.01055
1.90083
3.09978
0.730058
0.723912
0.121577
2.93723
0.108262
1.98371
0.107212
1.8765
2.9116
0.317573
0.317048
2.55594
1.55509
0.147102
3.11342
2.11172
0.0622936
8.45601e-05
3.11277
2.78641
1.01322
1.53775
0.998994
0.538698
0.000896048
3.02434
2.80682
2.17242
0.00530969
2.48643
0.0021224
2.79178
1.27818
1.50899
2.18843
0.00117478
2.80831
1.20755
2.26593
0.00177164
3.05185
0.451248
0.451238
2.73346
0.00098733
0.000111462
0.418991
0
2.96145
0.000835242
0.589792
3.0445
3.03917
2.45368
3.10103
2.50147
0.000127763
0.00119871
0.806544
1.76094
3.04474
1.64859
2.61662
0.206302
2.84521
0.20568
3.05151
0.00016658
0.271606
2.69263
2.33462
0.526923
2.79398
2.42103
0.79853
0.00317977
2.29428
2.39657
0.00170853
2.47708
0.0155661
0.701209
1.70152
0.978545
3.01365
0.905521
2.55286
2.93268
0.904859
2.0271
0.172623
2.95197
0.0578823
0.0546887
0.541962
2.47062
0.00569144
0.427692
2.13792
2.82646
1.78637
3.03153
0.00250087
2.90172
1.47143e-06
0.000389949
2.99674
0.508846
2.55965
0.504118
3.06447
0.0674887
1.54498
0.000170071
1.29828
2.07624
1.91352
2.9087
2.7739
0.929782
0.927814
0.188399
0.000201575
2.89996
0.00117715
2.93782
2.41282
0
3.0654
0.0583295
0.134567
2.91788
0.611974
0.656275
0
2.34221
0.795334
2.96905
0.00119156
2.50861
2.61685
0.693128
0.0167041
2.79327
0.830438
0.837784
2.73114
2.88556
0.149767
0.546793
0.39294
2.18039
2.79524
1.45404
0.00130003
0.192254
0.587668
2.76154
2.84189
1.20553
0.116994
2.51361
2.95611
2.23139
2.48267
1.23885
2.67221
0.000704413
0
0.000365781
2.75232
0.972898
2.158
0.000158553
2.41239
0.00201221
2.72559
0.00278837
2.80041
2.90338
0.00284468
0.000274525
1.01533
0.430841
2.46952
2.80808
0.000378385
2.34852
2.69441
1.83312
1.89379
0.0100595
0.105324
1.44557
1.80498
0.0106162
2.8577
0.524562
0.50264
0.00189228
2.44158
0.371826
2.15436
2.99558
0.000179287
2.99949
0.181204
0.771641
2.63079
2.16422
3.10134
2.93579
2.42492
0.216563
0.00138527
2.60728
0.540964
2.40725
0.590922
0.000436518
3.13366
0.0055641
3.11088
0.729062
0.74377
1.98417
2.21463
0.0021034
2.81795
1.31903e-05
2.74178
1.82329
1.95624
1.14399
2.92861
1.12832
0.0144114
1.88047
0.320031
2.32357
2.82979
2.60882
1.78233
2.76132
0.00436327
0.020967
0.000231467
0.948155
0.473888
0.00118231
0.854157
2.72875
2.53899
1.87328
2.98714
0.410523
2.4392
0.0943032
0.407313
2.84585
2.99253
0.00047858
0.000423641
0.000640424
2.8431
0.148425
2.68706
0
0.779145
0.000453464
3.13516
2.98724
0.66271
1.33945
1.87792
1.3377
0.00175419
0.000122491
1.06719
1.82629
2.08161
2.8936
2.27272
3.08787
0.0319777
1.58981
0.0296871
1.6195
2.79616
0.00169352
0
2.32363e-05
2.87989
0.000609897
0.283393
0.000446327
2.70092
1.0583
0.00167579
0.599937
2.46232
2.5529
2.47687
3.06361
2.9765
0.000450292
1.12442e-05
2.74551
0.000754748
0.000836401
2.89952
0.793588
2.04288
1.94155
0.795668
2.83754
2.57653
0.495629
1.17109
2.95035
2.97634
3.01679
0.980145
2.89867
0.981866
2.40175
0
2.93889
1.89051
0.00289965
1.04235
2.34749
0.000103415
3.06391
0.934426
0.00155904
2.44055
0.311065
0.00190505
0.694007
2.67228
1.37515
2.39729
2.91689
2.06915
2.03617
0.0329873
0.675846
2.76501
2.19148
0.615739
2.30988
0.97755
1.81021
2.16372
2.48096
0.815255
0.957404
0.853645
2.84566
0.141305
2.60342
2.43251
0.000530824
2.61312
1.45841
0.894728
3.03
2.90914
2.92416
2.01488
2.12548
0.388596
0.00275635
3.128
2.45088
0.00013295
1.77631
2.70172
2.22045e-16
1.19423
2.11965
0.0103344
1.07453
1.76729
3.02551
0.0656521
2.10417
2.8438
1.01086
2.92178
1.06407
0.141826
1.35789
2.41544
1.0662
1.20761
2.80196
3.08696
0.392554
2.03832
0.000337361
2.71152
0.427048
2.85315
0.000239434
0.0174091
0.000441431
2.63238
0.000792101
2.98861
0.438483
2.38309
0.000590115
0.287021
3.09539
2.9371
0.362815
2.79058
2.94148
2.78777
0.000500081
1.76725
2.74112
1.08348
3.10291
2.45352
2.54613
0.000796173
2.88972
1.52705
1.60541
2.43894
2.6953
0.000548193
2.13666
0.543272
2.83634
0.584572
0.542837
2.2928
0.0410274
2.7079
2.97488
2.98899
0.892546
2.07414
0.988617
0.890486
2.96462
3.04269
0.000131903
2.22768
0.00467013
2.38808
0.00168169
1.02686
2.46806
2.86896
1.44275
0.824783
0.00338584
0.795847
3.11405
1.2424
2.55901
2.36938
3.03074
0.00153024
2.36342
2.57577
0.555343
1.99143
0.00063607
1.17342
0.000333127
0.747985
3.13554
2.98742
2.39963
2.63275
0.000292716
1.38824
0.137747
1.93452
2.71678
0.551133
1.00321
0.54592
0.459798
3.0782
2.69527
0.966776
2.40598
0.966956
1.43902
2.0141
3.11864
0.502851
2.19623
0.502214
2.69863
1.04481
2.43596
2.92915
2.36444
2.63058
2.61437
0.287662
0.289415
0.00093437
1.07261
3.02202
0.615327
0.615983
0.00127065
2.56647
0.980887
2.99568
0.715186
2.45651
0.272509
0.00680803
0.57655
2.50573
0.00711542
0
2.75101
0.000169969
1.6518
0.634315
2.99563
2.12196
2.96906
0.000896744
2.78887
0.374921
2.31619
2.88503
0.000375521
0.000115718
0.943064
0.00422265
2.42936
0.185702
0.00188271
2.15451
0.0848863
2.85646
0.00133262
1.21753
2.94467
0.116231
2.26357
0.114602
2.14912
0.491861
2.81143
2.66472
0.695155
0.514456
0.513263
1.20861
0.0037767
0.000202357
2.97709
2.01767
1.0995
2.16704
3.11716
1.22033
1.31866
2.73501
2.45112
0.000828954
3.05754
0.913829
2.97082
0.00132128
1.15998
0.796696
3.04814e-08
3.06373
1.02491
2.14654
2.93924
3.51022e-05
0.751615
2.51253
3.05556
2.27508
3.01845
2.47542
3.05036
0.57435
0.266944
2.56723
0.0118633
3.95876e-05
3.10441
2.89956
2.87884
0.00389321
2.22045e-16
0.000183278
2.97122
1.6618
0.751278
1.64382
2.07926
2.41325
2.39526
5.63163e-05
2.7517
1.2497
2.20297
0
0.134651
2.8787
0.000333965
0.000281476
3.61549e-05
2.33577
1.71911
2.75333
2.62635
4.44089e-16
6.62612e-06
0.473957
0.00227389
1.82318
2.90637
1.34891
0.873233
1.77298
0.00318894
2.63653
0
2.54754
1.2675
2.74209
0.00133476
1.41118
0.0617034
2.64875
2.94591
2.87617
0.00233122
0.000191185
2.96573
0.883663
1.24799
2.47308
5.6221e-05
0.00418897
2.60274
0.795801
2.63808
0.793574
1.8457
4.44089e-16
0.414527
2.84442
2.47634
1.94731
2.57058
4.44089e-16
2.88872
1.96588
0
2.95538
1.18785
2.50902
0.000674417
2.88072
1.15337e-05
0.00241218
2.32746
0.000411353
0
0.0288349
2.89469
0.263741
2.66865
0.265748
2.93378
2.8181
2.09795
0.16929
2.78984
0.000714777
2.77553
2.68888
1.38555
0.623446
2.95223
0.243679
2.20776
0.245647
0.869093
0.00196868
0.000196557
2.93684
2.96962
0.445999
0.00389443
2.33038
0.00317869
2.28378
0.000620199
3.11496
2.47431
2.83332
0.0888343
2.77315
0.0905147
2.68515
3.11924
0.282665
0.281255
0.906051
0
2.48376
0.438416
2.79369
0.430434
2.62188
0.676386
2.19187
0.672123
1.517
0.945215
2.30641
2.21765
0.945715
1.27209
0.303151
1.87923
1.51816
2.27963
0.0273272
2.87714
2.61474
0.645607
0.000457061
2.81886
3.08886
2.81775
2.68012
0.0125777
2.75913
8.98378e-05
0.000379199
1.02832
1.41217
2.73028
2.61912
0.000175389
2.84005
0.503363
1.72797
2.4551
0.00150544
0.935909
2.82615
3.03967
1.00483
1.73845
0.0246397
1.5945
0.979485
0.0001964
0.998143
2.82569
2.52964
1.82312
1.89769
2.32555
0.00125231
6.18778e-05
0.00162641
1.39298
2.30985
2.56828
0.00383131
0.00744341
2.14764
0.0299696
2.95997
2.65251
5.48408e-05
0.00102888
0.0525646
0.0346985
1.68557
1.69248
2.36262
2.5564
2.44921
2.32793
7.88668e-05
1.26037
2.18157
2.37474
3.13518
0.000481684
2.05304
1.20027
1.73106
1.11022e-16
2.24935
1.46528
0.00683473
0.00102757
1.44918e-05
2.28601
0.684531
0.000528732
2.92478
1.06216
1.72607
2.35128
0.0258741
0.000864211
2.80567
2.57391
2.6825
0.988087
2.79046
0.99454
1.12032e-05
2.27106
0.998111
1.77878
0.00167078
0.000610529
2.58915
0.648677
3.03996
0
3.0485
2.68785
0.135587
0.000570419
0.503356
3.02866
0.116327
0.000201699
2.40063
2.13719
1.85192
6.71927e-05
0.341494
1.15743
0.00496229
0.0728109
3.00132
2.79167
1.18471
3.00914
2.57675
0.0641135
2.89268
0.382216
0.0674418
0.056574
0.261529
2.47955e-06
2.23131
1.10683
1.21149
2.90033
0.619272
0.158099
1.03467
0.625212
0.469406
0.407165
0.133456
2.95861
0.00147272
2.89283
0.991832
2.32423
7.38702e-05
0.199417
0.000552736
2.83003
0.848109
2.82298
0.00280343
0.842091
2.56451
0.0231239
0.000637698
2.63554
2.95855
0.976879
0.977798
1.91432
0.985712
1.13649
0.309749
0.00525168
3.03842
0.122271
2.35161
0.974819
0.976784
1.15517
1.54004
1.11399
2.91421
2.55954
0.0126086
0.00188258
0.000107084
0.698873
2.97024
2.54654
2.27137
2.59248
1.606
1.82566
2.70416
1.41709
0.586374
2.67405
2.88373
2.30893
1.31018
2.22963
0.0262373
0
0.482884
2.88997
2.1808
1.25753
0.000201368
0.54301
2.67566
3.06234
0.0588568
1.94779
2.15807
0.0605188
2.00756
2.21784
2.05015
1.0534
0.298481
2.52809
1.01391
2.72216
1.31239
2.96718
0.541777
2.91567
0.545984
2.82292
3.13633
1.2896
1.5917
0.0163666
2.33329
0.423478
2.5053
2.72293
0.204896
2.83998
2.92071
3.05237
2.13322
0.000839983
2.57915
0.179027
2.57379
0.00260668
0.0101076
0.696298
2.89389
3.02563
3.13625
0.564949
2.22086
0.564995
2.78618
0.00233162
0.523055
2.40766
2.48301
2.92987
2.45861
3.03016
2.56479e-06
0.616454
0.000941259
0.119177
0.915981
3.13318
0.544926
0.554759
2.92643
1.0694
1.07099
3.31163e-08
2.63714
1.00415
1.65191
2.13606
2.94781
0.00861364
3.1316
3.10657
0.000884458
2.73183
0.000566214
2.7329
3.13429
0.00384323
3.56602e-05
2.51033
1.48027
0.0046832
2.65084
0.428516
2.27231
0.00362847
2.81565
0.000660795
2.55703
0.917403
2.62059
0.00343941
0.0126731
2.51719
0.808223
2.57338
2.48397
0.000936078
0.000243904
2.70741
0.731628
0.732558
1.45657
2.31151
2.87376
0.00290136
1.0069
1.98827
2.23816
2.99463
2.24842
1.95304
2.71314
0.427112
6.26411e-06
8.92664e-05
0.768235
3.07253
0.248608
0.248585
0.979124
2.38223
2.92841
2.41703
3.07876
5.25284e-05
0.161882
0.735807
0.000268999
0.137547
1.03524
6.33699e-05
0.166304
2.75116
2.79173
2.91612
0
0.681261
2.46112
2.60077
3.1408
0.0122528
2.76823
0.286582
2.66013
0.0405547
0.775721
3.02088
2.79966
2.98549
9.14161e-06
2.47908
0.14521
2.51222
0.00425376
0.111075
0.00118766
2.8763
3.01266
0.000754952
0.000535296
2.23074
0.000977577
4.80491e-05
1.01473e-05
3.09718
1.00355
3.06548
0.101298
0.230176
0.000134486
1.38261
2.55961
2.64094
0.000839123
2.90653
1.82389
3.11835
0.85872
2.63285
0.00185153
0.000304805
0.868692
2.43896
0.00322203
2.92538
1.56354
2.58142
0.739507
1.77282
0.750306
1.0338
0.876564
0.00303093
2.30219
3.10094
1.42533
2.96246
0.0190244
2.50005e-05
0.51549
3.02228
1.36809
2.46259
1.88358
3.04167
0.471206
2.1845
0.220235
2.67982
3.1351
3.08492
0.917601
1.72871
0.917601
2.64631
2.61347
3.33067e-16
0.000241524
0.394024
2.91966
0.0172192
0.0173588
2.82959
0.00255826
0.000327922
1.93521
1.93716
0.769588
2.71311
0.701072
2.58455
0.000638211
0.066846
0.000259677
1.11054
2.12708
3.02745
2.16125
3.04627
1.91761
0.352434
1.56448
3.06087
0.274154
0.27891
0.0233204
2.16343
2.90678
2.36833
0.000592412
2.06816
1.3219
2.45978
1.12173e-05
2.04936
0.853083
0.0137459
1.40926
2.9128
2.26212
0
2.84407
0.589336
2.42066
0
3.08045
2.1188
2.89667
0.227319
1.11079
1.13885
0.0280602
1.8386
0.000170678
1.77686
0.477593
1.56745
2.74964
0.000720359
1.31525
3.40705e-05
2.21136
2.07551
1.29722
0.321624
1.66232
2.55854
2.64141
0.867116
0.488779
2.55209
3.11768
0.26693
0.267777
2.67412
0.158
2.19487
2.25629
0.156577
2.03683
2.68217
0.00220338
1.32419
0
1.96119
3.13007
0.444424
1.15921
2.46278
1.17066
0.000908265
2.97367
0.000323058
0.001873
0.00330944
2.12939
2.84857
2.94181
2.27227
0.90544
1.0331
0.129248
1.88083
0.337997
0.000301745
2.13042
0.286033
1.87239
2.57516
0
1.27841
1.7479
2.85426
0.78161
2.98939
2.2922
0.778471
2.51495
0.58429
2.60916
3.11032
1.03441
0.000964851
0.976584
3.11061
8.50053e-08
0.0665867
3.09999
0.599201
2.96593
3.04991
2.58488
2.36761
1.07566
2.14022
2.33946
0.00725036
0.933524
2.34666
2.18047
3.001
2.29245
0.38384
0.343387
3.07036
0.594185
0.59302
9.66948e-05
2.08639
2.53496
2.42115
1.92012
0.594552
1.51897
2.88742
2.68946
2.29747
0.00343339
1.85167
2.60197
0.00112294
1.13158
2.96112
3.1299
0.00235062
0.000905455
0.0135835
0.00159871
0.889881
2.90747
2.89562
2.01622
2.11342
0.000732656
0.0220816
2.44643
2.70989
0.942254
2.39888
2.42346
0.919287
2.25196
1.33179
0.522599
2.85228
2.82823
2.26438
0.000150945
1.95685
0.394303
2.99922
3.07518
0.0032579
1.27088
0.129828
0.850681
0.00141239
2.99858
1.14402
0.978688
2.75988
0.976102
0.0223714
2.87589
0.555372
1.2395
1.24887
0.0124541
3.08193
0.0012536
1.6711e-05
0.000137659
0.919487
2.34901
2.79432
3.01176
2.85076
1.41933
2.08208
1.63695
0.455329
2.81753
0.695676
2.33387
0.695676
1.63819
2.83881
0.979486
2.86351
0.978267
1.88426
2.12751
2.78728
0.716546
2.31067
0.0659507
0.716889
1.59413
2.78216
0.000881768
0.000127156
0.896437
0.557752
0.000470043
1.78593
2.52684
2.34462
1.1766
0.396718
0.00133504
2.59473
2.01538
2.13363
0.00242751
2.98881
0.85463
0.537762
0.000176742
2.90549
0.000145502
2.80126
0.597927
3.12399
0.00654983
0.907882
0.00189678
2.45819
0.184506
3.02563
2.57497
0.00195004
1.14879
0
2.87361
2.21651
2.65925
0.782541
1.93918
2.66531
0.000388478
1.0901
1.81847
0.242404
2.87709
2.9958
2.84325
2.58621
2.31248
3.74259e-05
3.10596
0.518533
0.956772
1.26485
2.5104
0.222793
3.1301
1.74819e-05
2.27245
2.00813
0.000585541
3.0625
2.57686
1.72169
2.61131
1.967
2.9093
0.000110569
0.00120886
0.315448
2.73214
8.97044e-05
0.000772857
2.94246
3.13606
0.000156623
0.375152
1.17561
0.00561263
2.25306
0.00285721
2.29187
0.525617
2.50162
0.00584538
3.10579
0.00605526
2.62778
2.00143
0.00351811
2.72252
2.93432
2.85264
1.00837
1.89629
1.18514
0.0123564
0.588667
2.36371
1.77381
0.750605
0.000407854
2.96526
0.15484
1.05218e-06
2.8569
0.817241
2.56861
0.0162223
0.544448
2.43612
0.90243
0.581547
0.906367
0.324539
