1.35685
4.85043
0
2.08498
13.6357
13.6357
0.13957
22.918
2.85557
0.13957
2.85557
0.13957
12.5069
9.9721
0.13957
15.3817
2.80772
0.13957
21.0452
4.04592
11.5993
8.16407
6.86227
-5.26836e-09
6.86227
5.6309
1.05779
8.36782
4.91686
8.58534
0.13957
8.67
1.45085
1.45085
11.3442
4.94588
0.13957
4.94588
11.1737
5.15459
5.15459
6.59048
2.00662
4.15671
7.1172
7.92831
5.16297
5.16297
0.13957
10.8021
1.07538
12.7176
4.31239
0.13957
11.7789
7.86854
3.02069
3.02069
9.11105
6.81781
8.96954
8.96954
0
4.36746
2.29501
-7.45058e-09
9.01244
0
0
0.13957
4.33766
0.13957
0.13957
13.1563
11.0225
0.13957
5.02897
14.4843
14.4843
8.95714
27.6928
3.3377
6.34614
3.3377
14.7487
0.13957
0.13957
6.38172
5.22419
0.13957
0.13957
0.144592
0.13957
0.778168
4.29872
-8.42937e-08
0.13957
3.05461
4.98628
9.14367
2.28036
2.28036
10.231
1.72845
6.1144
6.1144
0
7.98832
7.19154
7.19154
7.09889
7.68216
3.76319
0.13957
3.76319
0.13957
11.3288
6.23635
6.04908
6.23635
5.0462
3.9657
5.77725
5.77725
0.13957
3.9613
6.55648
-9.09495e-13
0.13957
4.895
4.895
0.13957
7.24855
7.24855
2.20844
0.13957
0.13957
11.7195
7.19888
3.39153
5.60286
2.70194
4.41088
0.13957
2.27779
25.6553
9.69735
0.13957
5.22613
11.511
11.511
0.13957
3.68796
5.94901
5.94901
5.11277
10.9655
0.13957
10.0265
9.45469
9.45469
-2.00613e-08
4.22236
0.13957
0.13957
9.89153
7.86924
7.86924
0.13957
8.11231
7.15121
4.10773
4.10773
30.1024
0.13957
1.86265e-09
0.13957
11.9717
1.65807
1.65807
0.13957
15.8919
0.13957
5.97925
13.0262
13.0262
1.16239
5.37159
5.37159
2.85412
10.6291
10.6291
17.3744
8.67597
3.45637
11.198
7.19421
0.13957
4.87721
1.14404
1.19209e-07
8.70529
4.13761
4.13761
3.71082
11.4862
0.13957
3.22584
0.13957
0.13957
9.88745
2.2727
2.2727
0.13957
6.21917
7.49531
7.49531
18.8072
3.48977
18.1267
8.56048
6.29585
6.68591
7.35633
7.35633
-7.27596e-12
18.6566
11.5404
3.31854
2.37066
14.5573
14.5573
5.69071
7.61085
0.13957
0.13957
15.8235
12.4639
12.4639
0.919986
6.46997
6.46997
5.03792
18.7264
0.559135
3.11097
0.559135
3.11097
4.35735
4.35735
3.19526
6.11393
6.11393
0.13957
5.21711
3.73337
0.13957
0.13957
11.8657
-1.06624e-06
-1.06624e-06
1.92301
6.48561
6.48561
14.4959
6.71433
6.71433
0.13957
0.13957
0.722764
0.13957
7.7481
4.24705
4.24705
1.03238e-07
0.13957
6.74901
6.74901
6.41138
2.38419e-07
15.8099
12.0824
1.49012e-08
14.5128
6.7301
6.7301
4.93728
4.30735
0.13957
0.13957
4.28988
4.28988
0.13957
0.13957
0.13957
21.9578
5.51074
4.73396
4.66149
4.66149
4.02757
0.13957
0.13957
9.67671
6.03205
7.88716
20.9933
9.27369
5.16485
5.16485
0.13957
0.281292
8.31235
0.13957
0.670771
0.13957
8.78188
6.33295
5.64573
5.64573
13.3552
7.25116
-2.63418e-09
12.2207
9.28783
9.28783
13.0709
1.2722
1.2722
6.10591
4.55018
4.55018
4.03793
2.36722
0.13957
8.42475
7.51904
5.26217
7.51904
6.90803
0.13957
0.13957
0.157665
2.72965
8.14631
0.465183
2.87128
2.87128
5.2855
12.8961
2.8675
1.19209e-07
1.19209e-07
0.139614
0.13957
0.13957
14.351
14.351
4.68836
5.15224
3.73326
-6.53055e-10
3.73326
10.1416
12.9414
1.49012e-08
6.69235
5.35168
5.35168
0.13957
11.4085
10.0316
0.13957
0.13957
0.13957
4.11823
4.11823
0.883434
5.37582
5.50102
5.37582
7.16559
5.24523
5.24523
0.13957
4.70213
1.68587e-07
1.68587e-07
10.683
3.52676
6.90418
6.08979
6.08979
26.2967
0.13957
0.13957
3.76767
2.87889
2.87889
13.0939
14.7531
-3.8147e-06
-3.8147e-06
17.9898
0.13957
0.13957
2.90984
5.46436
5.46436
0.13957
4.07047
9.00219
6.36045
0.13957
9.00219
6.36045
0.13957
12.0846
12.0846
16.0214
7.95031
4.1159e-11
4.15428
3.89111
0.13957
0.150671
11.6818
16.651
7.7168
0.267978
7.7168
2.83099
1.35882
0.13957
0.13957
16.7038
2.18273
0.13957
0.13957
7.3215
5.87914
5.87914
0.13957
9.05513
7.29348
0.13957
0.13957
8.61573
0.13957
0.13957
5.79191
2.6974e-06
10.2107
0.13957
6.85132
8.00049
8.00049
3.67379
7.769
7.769
15.046
3.10204
0.13957
0.13957
9.51846
3.35223
0.13957
3.35223
0.13957
11.4905
15.3571
15.3571
0.13957
27.9457
18.5634
18.5634
9.23293
6.39367
6.39367
0.13957
11.8573
2.54914
0.13957
2.54914
16.3726
6.71624
6.71624
8.83083
7.83261
0.13957
7.83261
8.1074
11.7938
6.8095
6.8095
4.97659
6.40897
0.13957
0.13957
6.91474
4.70461
4.70461
2.98023e-08
0.13957
27.383
0.13957
0.13957
17.8772
0.185803
0.185803
10.5193
2.36139
9.69732
4.0283
4.0283
4.0544
0.13957
0.13957
5.12476
9.36299
0.13957
9.36299
0.13957
7.82154
0.13957
0.13957
9.6885
6.5221
0.13957
1.84321
6.50534
6.50534
0.13957
0.142668
0.13957
0.13957
4.30108
13.5621
13.5621
5.94639
-1.39388e-08
17.4568
5.81036
5.81036
0
2.44127
0.602201
14.1769
6.37696
6.37696
0.13957
8.59217
3.80931
3.80931
9.65156
7.25714
6.462
0.13957
3.63831
3.63831
4.44598
3.3402
3.3402
0.13957
16.6808
12.8709
0.13957
5.03889
0.13957
0.13957
2.86663
6.49563
6.49563
14.067
8.63058
8.23181e-11
13.9665
6.6675
4.76817
4.76817
2.93524
15.7813
4.65946
3.77581
0.576695
4.95778
3.65734
0.13957
0.13957
9.50698
0.13957
0.13957
15.0268
5.15767
0.13957
5.15767
0.13957
10.0236
0
0
7.08228
2.82663
2.21306
2.82663
2.21306
13.0883
8.01625
5.75003
3.9713
1.98071
1.98071
-2.6656e-07
14.1389
0.140401
0
0.140401
0
1.81887
2.85644
0.13957
0.651807
6.74146
6.74146
4.42615
0.13957
0.13957
9.92208
3.01489
3.01489
2.63418e-09
6.61937
5.22099
5.22099
7.77002
0.13957
0.13957
4.95648
6.39619
6.39619
15.441
4.69982
0.13957
4.69982
0.13957
13.3099
11.6928
0.13957
11.6928
7.57391
2.71153
2.71153
3.91042
3.82157
3.82157
6.24308
7.42592
6.13568
16.9065
5.23295
5.23295
0.13957
10.2409
10.2409
14.757
3.30222
6.37124
0.13957
5.11228
5.11228
0.13957
11.6028
5.03482
5.03482
0.13957
10.7702
6.79098
0.13957
12.6453
6.13882
6.13882
0.13957
4.59496
9.67275
9.67275
3.7723
3.39229
0.13957
3.39229
20.1554
25.0561
1.91532
21.0175
2.00995
0.13957
2.00995
0.13957
6.16591
6.16591
14.6818
6.34938
6.34938
4.58284
3.32198
7.81101
7.81101
3.31701
0.13957
1.41676
0.13957
0.13957
0.13957
2.40805
6.57724
6.57724
0.13957
6.06212
6.06212
2.71915
4.03011
9.86808
9.86808
-1.97124e-08
15.8902
9.22073
3.2262e-09
9.22073
6.99821
8.18292
8.18292
5.03891
1.27265
0.13957
0.13957
6.81157
0.13957
0.13957
0.742269
0.731874
0.731874
9.40455
6.55847
0.46737
6.55847
0.46737
13.2108
2.80062
2.80062
9.13596
6.02824
6.02824
0.13957
24.1636
8.50978
8.50978
12.8325
10.4125
0
0
14.2827
17.4682
17.4682
7.98315
6.32608
0.13957
0.13957
3.05638
0.668078
0
0
8.21892
9.93295
0.13957
0.13957
13.5423
5.16644
5.16644
10.5739
7.45175
7.45175
0.13957
8.79149
7.31269
7.31269
8.23099
15.3925
0.13957
0.13957
-1.97563e-09
23.6058
6.78695
6.78695
0.491142
11.3134
4.75101
4.59571
-7.45058e-09
1.396
0.13957
0.13957
0.139577
4.05067
4.05067
14.0362
5.8752
5.8752
0.13957
-3.72529e-09
-3.72529e-09
11.265
8.29866
6.0098
6.89369
4.76835
4.76835
8.11492
0.13957
0.13957
20.2416
4.93336
7.63561
7.63561
0.13957
10.7839
3.05191
0.13957
0.13957
3.41614
3.74666
0.13957
0.13957
3.92682
8.3212
8.3212
12.366
3.93656
0.13957
26.9961
11.2614
4.12911
18.1141
4.30355
0.13957
0.13957
11.2863
3.8743
3.8743
9.71199
0.939764
0.13957
8.21427
4.35559
4.35559
6.92155
6.92155
6.6852
1.61175
7.31288
6.97379
0.13957
5.25131
5.25131
6.39577
6.63113
6.63113
12.4834
0.18524
0.18524
34.797
3.88114
0.13957
3.88114
0.13957
8.0036
8.70043
8.70043
11.8193
10.6887
4.76837e-07
4.76837e-07
3.86615
4.07801
3.49313
10.373
10.373
0.623453
3.99696
3.99696
13.4395
8.02926
9.15938
9.15938
0
11.8572
8.69006
4.97272
11.8987
11.8987
3.67441
10.1308
10.1308
-2.91038e-11
3.99913
6.35116
6.35116
13.3752
0.13957
0.13957
0.13957
0.13957
6.91519
6.4164
6.4164
0.13957
11.5601
2.67847
2.67847
15.638
4.31186
4.31186
-1.19209e-07
1.39923
0
0
9.17228
6.24271
6.24271
0.13957
2.16238
1.00293
0.13957
10.5657
8.32447
1.8798
4.18918
6.23443
6.23443
8.25906e-07
7.86169
7.13399
0.13957
10.6819
10.0621
6.20834
6.20834
10.1873
6.91848
6.91848
-2.10734e-08
3.13925
10.8049
5.86796
10.8049
10.3689
10.6133
0.13957
7.92779
0.13957
0.13957
13.3677
3.52572
0.13957
3.80234
3.14032
0.13957
6.30267
8.74005
12.3319
3.75792
7.79612
0.13957
0.13957
11.6733
12.4313
9.12506e-09
7.28403
5.36158
5.36158
18.8459
7.46347
7.46347
4.45918
10.4856
11.9383
10.3885
5.0212
4.54902
4.54902
0.13957
16.4268
4.16095
4.16095
0.13957
15.5887
5.36747
5.36747
4.1159e-11
5.26924
5.38973
5.38973
2.18279e-11
18.8275
11.9175
11.9175
14.566
15.4154
6.31188
8.72628
11.2082
0.13957
0.13957
5.8432
4.98925
4.98925
0.13957
5.10569
0.13957
0.13957
1.78238
8.66003
8.66003
0.13957
0.728865
0.13957
14.7951
0.376437
0.376437
0.13957
16.2006
15.8042
0.13957
15.8042
0.13957
9.13037
11.0182
6.95643
11.791
2.65341
2.65341
0.13957
15.6566
1.54482
0.13957
0.13957
7.1711
8.90713
8.90713
3.59879
0.13957
0.966008
0.499684
0.499684
3.93132
6.71792
7.36788
7.36788
0.179081
0.13957
11.991
6.13483
6.13483
4.62985
11.7979
11.7979
0.13957
0.147953
1.16415e-10
4.45244
8.67398
8.67398
0.13957
9.15306
1.48777
1.48777
0.13957
7.43975
9.69542
0.13957
15.324
0.13957
2.68179
77.6929
5.30766
5.30766
0.13957
11.9451
0.13957
0.13957
0.13957
18.3315
8.39503
1.62043e-10
0.13957
11.8827
11.8827
10.278
6.2274
0.13957
6.2274
1.35331
0
0
10.2671
6.70384
6.70384
7.83692
-2.10734e-08
30.6406
6.8401
6.8401
1.96776
3.82713
0.13957
16.0484
11.9165
0.13957
11.9165
7.83322
9.07542
20.3891
11.3875
0.13957
11.3875
12.0344
5.23666
5.23666
0
8.93201
0.13957
0.13957
22.2781
0.13957
0.13957
8.75791
4.64637
4.64637
3.63306
8.36358
6.93774
0.13957
0.13957
4.08957
8.95184
3.62857
-3.65002e-08
8.95184
16.3507
-2.10734e-08
2.70379
7.42416
2.85039
7.42416
2.85039
0.13957
17.8001
2.2745
2.2745
0.13957
7.5262
7.5262
-4.21468e-08
2.86835
0.13957
19.8831
2.80105
2.80105
8.12136
7.79392
0.13957
0.13957
3.64652
3.64652
0.13957
5.51233
5.51233
3.96324
9.86213
2.86064
8.98564
8.08062
8.08062
0.13957
5.03545
2.75263
2.75263
10.5088
12.1753
2.38419e-07
2.38419e-07
9.56386
0.139821
4.1752
-7.45058e-09
25.1171
18.4835
3.78809
12.9189
5.29834
5.29834
0.13957
4.07805
10.1498
9.2533
0.13957
0.13957
6.19754
2.94848
6.78013e-09
11.5606
3.87117
3.87117
4.98341
22.2409
1.51404
0.13957
1.51404
12.7349
4.0942
10.004
7.82694
4.54384
4.54384
0.13957
6.97932
4.78002
4.78002
7.88495e-08
2.90208
2.77396
5.59245
5.59245
5.70872
9.21735
0.13957
6.10765
6.10765
0.13957
14.162
7.02436
0.13957
13.1009
0
0
0.13957
3.81806
3.81806
3.71829
3.28066
3.28066
0.13957
64.242
6.1357
2.12755
5.63456
0.996496
5.59354
5.59354
7.95908
8.38357
8.38357
5.13481
3.68451
3.90048
3.90048
6.72014
9.85811
9.85811
9.85748
1.95025
1.95025
7.42689
0.13957
7.39514
0.13957
3.16921
4.00342
0.13957
3.88434
2.14168
2.14168
1.98902
5.52803
6.52496
6.52496
8.48394
7.40221
19.9353
4.86049
3.65002e-08
3.43031
5.49578
5.49578
0.13957
91.1507
1.65305
1.65305
3.14919
0.13957
0.13957
12.951
3.22982
7.30614
7.30614
0.13957
15.4351
8.71682
6.14401
8.71682
6.14401
0.13957
0.13957
14.3473
1.31227
1.31227
14.6948
16.6109
16.6109
0.13957
5.3176
0.13957
0.13957
19.6782
3.84679
3.84679
6.05275
2.89829
0.13957
0.13957
10.8774
3.75284
3.75284
3.7797
6.05844
6.05844
6.26162
5.05866
1.02535
6.7435e-07
6.7435e-07
8.81577
0.13957
0.13957
6.34256
0.13957
0.203119
0.13957
0.13957
0.661723
7.32205
7.32205
0.13957
0.13957
7.33053
10.7766
10.7766
11.5787
4.33345
4.33345
12.0612
4.30554
4.30554
13.0194
8.27533
8.27533
9.71257
7.89299
7.89299
11.6904
4.6122
0.13957
4.6122
0.13957
14.032
0.855824
0.13957
0.13957
6.26938
6.26938
-2.32831e-10
6.91295
13.1474
0.13957
10.817
8.16793
4.58374
4.58374
5.60016
7.52423
0.13957
3.43137
14.9694
14.9694
3.43149
0.91666
13.3565
0.13957
0.13957
1.94582
6.10743
6.10743
11.3948
0.13957
10.9711
0.31532
5.55004
5.55004
32.8411
2.33181
2.33181
0
7.40078
9.87882
5.62456
0.13957
15.9875
12.0078
12.0078
4.73834
12.3244
0.924211
5.56718
5.56718
15.4404
7.77987
7.77987
0.13957
5.39032
7.34843
6.00892
18.6846
13.2227
0.13957
3.15565
0.13957
0.13957
17.6701
2.92211
2.92211
0
0.67358
0.13957
0.13957
0.816818
11.0889
11.0889
0.13957
12.0001
7.4456
5.5771
0
5.5771
13.8396
1.48728
3.72529e-09
0.13957
6.48055
6.48055
3.50616
5.01912
0.13957
0.13957
18.2754
3.51676
3.51676
2.49948
6.78823
12.1174
4.75129
0.13957
4.75129
6.77239
5.51046
0.13957
5.51046
0.13957
7.29934
0.13957
0.13957
19.6351
2.67087
2.67087
3.90753
4.94046
4.94046
0.13957
10.8173
0.13957
0.13957
0.13957
3.63531
13.8611
0.13957
13.8611
8.70266
10.8551
5.26836e-09
0.636049
2.0161
2.0161
29.1673
5.87409
5.87409
11.4434
5.46024
0.13957
0.13957
4.20682
5.85631
5.85631
7.45058e-09
9.11892
8.97506
8.97506
3.75396
4.8297
12.1438
7.60454
0.13957
9.48637
0.13957
0.13957
8.01981
7.13149
2.69013
7.13149
9.69367
5.77592
-4.21468e-08
-4.21468e-08
7.87076
3.70967
7.7667
8.97671
3.83223
8.97671
4.57843
8.61859
8.61859
0.13957
6.75509
4.16274
2.59002
0.13957
2.24753
1.05863
3.4282
14.1672
2.5745
4.83766
2.5745
17.9732
7.99111
3.393
19.8443
3.8011
3.8011
-2.10734e-08
0.13957
12.5402
8.93564
8.70926
12.0629
12.0629
5.20706
9.4948
9.55341
9.55341
8.70577
5.29982
5.32168
5.32168
38.5651
16.8991
16.8991
6.78206
7.09632
7.09632
4.97124
5.26789
5.26789
12.7726
4.54582
4.54582
14.5021
2.45354
0.13957
4.64007
5.44935
5.44935
5.53774
0.13957
4.20795
4.20795
0.13957
1.46423
4.64539
5.53803
0.13957
14.128
0.13957
0.13957
14.4591
16.5496
6.82883
43.1976
0.13957
0.13957
3.9293
5.65579
0.77551
0.582341
0.13957
0.13957
3.26215
4.92333
4.92333
0.13957
4.16077
4.60208
4.60208
0.13957
7.27536
11.0188
0.13957
14.492
5.69312
1.571
7.61573
5.73686
0.13957
38.0031
12.6086
0.13957
8.60191
0.13957
0.13957
34.9919
3.65372
3.65372
0.13957
12.5357
7.26744
0.13957
10.1579
5.03026
0.13957
16.3806
8.43347
8.43347
6.5288
0.13957
3.44467
2.96602
2.96602
0.13957
8.52841
0.330564
0.13957
0.13957
0.13957
3.61937
3.61937
22.3918
8.16587
0.13957
0.13957
0.13957
1.2225
0.13957
0.13957
2.85564
7.24384
6.65405
6.65405
5.82077e-11
11.6818
0.13957
17.6103
9.39159
2.05756
9.39159
7.73465
12.775
4.79921
1.97479
6.53552
6.53552
4.02214
6.00669
6.92434
0.13957
9.64371
7.30091
7.30091
0.13957
7.1768
5.00861
0.13957
0.13957
4.15701
7.11809
7.11809
0.13957
2.85059
17.252
17.252
11.3727
9.19489
0.13957
3.5497
15.5407
15.5407
0.13957
8.34531
8.34531
0.13957
13.5473
0.13957
5.61316
14.8834
0.13957
0.13957
6.17618
4.79692
4.79692
0.13957
0.13957
10.2792
9.17418
9.17418
0.13957
0.13957
0.13957
2.95139
13.4001
13.4001
15.4073
18.1854
11.5859
28.6675
2.79064
2.79064
2.38419e-07
8.02182
4.95802
4.95802
3.63508
1.05367e-08
30.1995
0.13957
0.13957
0.13957
10.3014
0.13957
0.13957
14.3645
13.8242
0.13957
9.60929
6.16628
6.16628
0.13957
5.35163
4.28272
0.13957
3.65974
3.65974
5.08484
6.52224
6.52224
3.57925
7.30466
0.678715
0.678715
124.485
42.017
42.017
2.83035
18.9042
8.23181e-11
2.73533
9.5597
27.6809
0.13957
0.13957
0.434727
9.00803
3.79849
0.143396
3.06374
3.63798e-12
27.6504
10.6714
-3.37175e-07
7.09603
6.94379
3.28403
6.94379
-2.6974e-06
-2.6974e-06
7.80741
3.74808
0.14578
3.10183
3.10183
5.73507
-3.37175e-07
5.56328
0
0
23.785
0.501364
5.96046e-08
0.501364
1.44962
2.06099
6.97248
0.13957
0.13957
8.26663
0.13957
0.13957
5.754
6.55084
0.13957
6.55084
9.07165
5.59633
5.59633
14.9575
2.12062
0.13957
2.12062
0.13957
8.46887
1.17471
0.13957
1.17471
0.13957
3.3035
0.13957
0.13957
0.369679
-1.67897e-09
-1.67897e-09
4.54448
1.67823
1.67823
0.13957
6.25365
0.13957
0.13957
12.1647
3.44931
0.13957
11.193
11.0598
11.0598
13.4914
5.47748
0.13957
1.28247
6.58545e-10
6.58545e-10
29.1461
9.82263
0.13957
9.82263
11.3934
-1.05367e-08
-1.05367e-08
7.20376
6.66484
6.66484
6.38093
6.20344
0.13957
7.86275
3.34781
0.13957
0.13957
7.49563
0.13957
0.13957
4.0808
6.2445
6.2445
0.347868
5.56433
5.56433
5.36972
3.56301
13.199
6.51618
13.199
16.8408
5.27896
7.53719
3.12386
4.39955
4.39955
8.89162
9.57455
4.6068
4.6068
3.5741
0.13957
0.13957
14.2315
2.50958
0.13957
2.50958
6.48326
10.1891
0.13957
0.13957
9.18451
0.13957
0.13957
6.31669
5.5079
5.5079
0.13957
5.2381
5.07192
9.34206
9.34206
0
3.5533
4.45958
4.45958
22.8732
3.85596
3.85596
10.2983
5.80572
5.80572
4.63751
4.31088
0.13957
11.0122
-2.98023e-08
12.0639
0.13957
105.153
0.13957
0.13957
3.11025
4.02515
4.02515
5.41505
1.03835
3.70854
4.83686
0.13957
6.06755
4.20559
4.20559
11.4155
0.13957
0.13957
3.21301
7.8681
7.8681
7.19232
7.11601
7.11601
11.5525
6.28328
-2.39996e-10
-2.39996e-10
5.1563
8.26648
8.04544
0.13957
0.13957
17.2125
5.74511
5.74511
4.32652
5.33853
5.33853
0.13957
12.4399
0.228631
0.228631
0.13957
3.8901
3.8901
12.8583
6.19986
6.19986
5.09375
0.13957
5.68977
9.18827
9.18827
0.13957
12.1358
9.37006
9.37006
14.3779
10.5509
3.64815
0.444112
3.12024
3.12024
-2.10734e-08
13.2477
11.7922
0.13957
0.13957
5.9252
4.76286
4.76286
6.77666
3.50435
1.42941
1.42941
0
18.9222
5.87347
0.13957
5.65391
5.2049
5.2049
4.69111
4.60214
7.1373
0.13957
0.13957
9.2904
5.74135
5.74135
0.349853
6.81019
7.94714
1.10309
0.13957
0.13957
8.4141
10.9074
0
7.54018
4.97483
15.6395
1.5062
5.85587
9.08597
2.37903
2.37903
0.13957
3.50124
0.13957
6.19721
0.13957
0.13957
8.11741
4.33316
4.33316
5.91735
0.13957
5.91735
13.6819
12.9963
0.13957
8.75075
0.13957
0.13957
9.99471
11.5352
0.13957
0.13957
9.44066
5.59874
5.59874
12.6933
8.31071
3.71511
4.08536
16.3432
0.501371
5.8347
3.96496e-09
3.96496e-09
22.2112
12.1591
4.83642
4.83642
7.26453
3.3798
1.49012e-08
3.3798
2.17665
8.10782
0.13957
0.13957
12.5591
7.36455
0.13957
7.22783
5.64584
5.64584
12.2773
4.84229
2.99056
0.13957
2.99056
0.13957
16.1011
2.82586
2.82586
0.13957
5.83092
6.51696
7.39732
6.51696
7.39732
0.13957
12.0439
8.82847
0.13957
8.82847
0.13957
8.48057
0.13957
39.9014
9.30624
9.30624
7.33928
12.9371
12.9371
18.4843
0.13957
0.13957
2.21109
8.66794
8.66794
7.66861
29.7893
4.48618
4.48618
0.13957
7.99666
0.195822
0.195822
-1.6131e-08
2.54985
4.3232
4.3232
0.13957
0.88339
5.02647
5.02647
1.31709e-09
5.61807
0.667711
0.13957
15.6078
6.01168
6.01168
0.13957
4.60665
0.953133
0.13957
0.13957
2.82086
6.93263
6.93263
6.63031
8.67838
4.46638
4.46638
6.22244
1.6855
1.6855
4.38325
0.493541
7.59652
0.13957
0.13957
0.13957
0.13957
5.05716
5.29086
5.29086
6.06429
10.8163
3.84028
15.3759
0
8.95623
9.64044
9.9138
9.9138
2.38419e-07
2.38419e-07
15.2669
1.0879
1.0879
5.19496
7.46213
25.5165
10.1786
22.4209
8.78109
1.68587e-07
1.68587e-07
10.1515
7.76675
0.13957
0.13957
4.95748
-2.63418e-09
-2.63418e-09
0.13957
16.5898
0.13957
0.13957
7.94719
7.0815
7.0815
1.21745
3.48511
3.48511
0.13957
9.86722
7.21412
7.21412
-3.37175e-07
18.7547
4.01597
4.01597
1.88867
11.5094
11.5094
6.79149
0.13957
21.0433
2.76328
-2.38419e-07
12.8088
3.84647
3.84647
5.9021
13.3903
9.78764
13.3903
14.3853
4.51133
4.51133
16.5832
0.436086
0.436086
11.4269
3.63891
3.63891
0.148628
10.8269
0
4.91592
4.37652
4.37652
3.80279
-1.05367e-08
5.53189
2.88538
21.7035
0.970321
0.13957
24.5443
11.8353
0.13957
11.4435
0.13957
12.1893
6.82654
6.82749
6.82749
16.7961
0.13957
9.73872
0.13957
6.7435e-07
6.7435e-07
2.25331
14.7903
4.42275
11.8056
1.67723
0.13957
0.13957
4.63676
13.0226
13.0226
10.0305
0.13957
0.13957
10.8127
5.36458
5.36458
5.95229
2.36184
0.13957
5.64311
6.2361
0.13957
6.2361
0.13957
5.77188
5.77188
19.0678
7.11975
7.11975
0.13957
12.4468
0.812298
0.13957
0.812298
3.86387
5.70789
5.70789
3.74433
9.11148
0.13957
0.13957
6.40659
3.93484
3.93484
0.13957
0.13957
2.19623
2.98023e-08
0.146557
2.36106
26.3096
5.0834
5.0834
1.08188
4.6914
0.13957
4.6914
0.13957
4.11976
5.86229
0.13957
15.2715
9.52097
4.42406
5.11954
5.11954
7.93973
0.13957
0.13957
14.9033
3.83019
-1.07001e-08
2.03273
6.36413
6.36413
3.71284
0.13957
0.13957
8.28548
7.77825
7.77825
10.1142
3.69412
0.13957
0.13957
4.29707
0.13957
0.13957
33.718
3.4395
3.4395
0.13957
5.29486
7.07378
7.07378
19.1181
0.13957
4.31269
4.03813
10.3379
3.22095
10.3379
3.22095
-9.53674e-07
5.80875
5.96046e-08
5.96046e-08
1.93156
5.79483
5.79483
4.68738
0.659358
5.84654
0.13957
9.96538
7.34327
7.34327
5.22004
0.13957
2.55823
2.85158e-10
2.85158e-10
4.92738
5.44333
5.44333
4.0316
0.13957
8.59604
2.16647
0.13957
4.64954
0.13957
0.13957
7.78233
-1.68587e-07
-1.68587e-07
0.13957
9.59845
4.88183
-4.76837e-07
9.19763
5.41395
5.41395
11.4552
7.75199
0.13957
3.24649
3.10755
0.13957
5.67657
0.13957
0.13957
7.08806
5.81761
5.81761
4.87924
0.202304
2.37378
0.13957
2.37378
20.7972
4.25226
4.25226
0.13957
9.39547
0.13957
0.13957
0.13957
0.13957
0.13957
3.60092
0.13957
3.60092
8.15907
7.22975
2.05795e-11
6.15709
4.85871
4.85871
1.44353
6.43777
6.43777
0.13957
14.3392
0.13957
0.13957
7.01446
9.33924
0.13957
25.7405
6.39754
6.39754
4.14033
15.6747
4.05491
4.05491
5.55543
8.62672
3.00226
1.21397
0.13957
14.442
2.03129
2.03129
4.79117
10.2875
7.73794
7.73794
0.13957
9.9053
16.7857
5.4446
16.7857
9.54537
0.13957
0.13957
4.61648
5.17453
5.17453
8.20795
0.13957
0.13957
6.94883
4.03835
4.03835
6.41515
6.41515
11.7106
3.28082
0.13957
3.28082
4.92101
6.62258
3.98202
6.62258
20.5914
4.73761
0.13957
1.77777
3.89156
5.98695
1.77041
0.13957
0.13957
19.9835
7.10147
0.13957
11.8021
9.39623
9.39623
0.13957
5.35597
4.32729
11.4577
2.43067
0.13957
0.13957
0.13957
4.26212
0.13957
0.13957
4.6415
4.6415
2.13532
11.3825
14.9434
6.96257
6.96257
0.13957
36.497
0.932397
5.76677
0.181862
8.57177
8.57177
7.03238
7.87322
7.87322
8.96915
2.17132
6.53845
6.53845
0.13957
11.68
5.34634
5.34634
5.39309
3.93823
0.13957
2.71061
3.7666
3.79086
11.9465
11.9465
15.4141
0.13957
2.61984
1.78719e-08
1.78719e-08
8.15277
6.19998
6.19998
4.43412
4.77057
4.07835
6.52955
0.13957
8.03519
8.13189
10.6125
4.53429
4.53429
3.71743
9.54792
9.11776
9.11776
0.13957
5.74851
5.74851
7.08002
3.46249
6.98591
5.34224
3.48356
4.38192
4.38192
0.13957
0.13957
7.12293
6.87471
0.13957
0.13957
2.04034
8.88266
5.46943
5.10492
0
5.10492
10.1736
0
0
15.8188
3.75004
3.75004
0.13957
10.2903
13.3469
4.9603
20.0402
0.13957
0.13957
2.38625
2.2765
0.13957
4.1759
7.20102
7.20102
8.96126
0.13957
0.13957
5.69263
3.4818
7.16042
5.02692
5.02692
9.35921
3.83464
0.13957
0.13957
12.3228
2.62779
3.32003
12.3284
0.13957
0.13957
2.11635
4.22357
3.53043
4.22357
12.1479
0.980256
0.13957
0.13957
40.1123
5.39345
0.13957
6.31777
3.23048
0.13957
0.13957
0.13957
0.42887
0.13957
0.13957
0.200601
1.8134
-1.3487e-06
15.8902
0.139763
0.139763
0
6.40221
10.2776
0.13957
0.13957
1.94357
8.12773
8.12773
20.3365
10.0225
5.54273
0.13957
5.54273
0.13957
5.55914
5.55914
10.7172
0.13957
0.13957
0.13957
0.13957
20.2883
7.63093
7.63093
0.13957
3.55149
0.13957
0.13957
18.8854
12.9609
12.9609
0.13957
6.7456
8.39379
0
0
2.38957
5.00117
1.86265e-09
1.86265e-09
4.67774
9.6778
2.09822
2.09822
18.2606
6.11574
0.13957
17.5506
0.144
0.144
0.13957
7.68141
15.3467
0.13957
0.13957
8.82029
4.28058
4.28058
22.6445
2.37376
2.37376
9.7298
2.21198
4.82676
0.13957
0.13957
2.07831
0.13957
0.13957
8.81915
0.13957
0.13957
5.71703
5.71703
14.9994
7.55885
2.02919
12.1919
8.84732
-9.20344e-11
-9.20344e-11
3.57309
0.13957
0.13957
15.6183
22.1994
0.13957
6.08818
5.31954
5.31954
11.7237
9.86563
9.86563
6.82412
27.9968
1.53241
1.53241
13.0434
5.51314
0.13957
0.13957
15.7297
4.70201
4.70201
4.24697
-6.36356e-09
-6.36356e-09
1.66702
2.19657
2.19657
4.35661
0.13957
0.13957
5.45082
4.03297
0.13957
15.546
0.13957
0.13957
2.61879
2.61879
4.77109
8.82368
6.24021
0.13957
4.51562
0.13957
0.13957
0.13957
5.44234
5.44234
0.13957
2.96876
3.33552
0.13957
2.85063
0.13957
0.13957
14.655
5.62923
5.62923
0.139732
14.6128
6.95335
7.57982
8.2676
11.3019
0.13957
8.28302
16.2447
16.2447
6.12406
8.45147
10.4389
10.4389
6.14824
0.13957
0.13957
8.61832
9.04436
9.04436
1.27421
2.27807
2.27807
9.59433
2.84006
0
2.72239
4.24862
4.24862
5.88069
0.13957
15.7003
6.79221
-8.42937e-08
6.79221
-8.42937e-08
8.60144
4.99482
4.99482
4.31235
0.13957
4.76945
10.5841
10.5841
17.8826
4.96629
4.96629
-3.332e-08
14.3032
11.8942
3.04748
8.38481
2.93561
2.93561
8.82805
3.68872
3.68872
12.2251
4.14831
0.13957
0.13957
1.79864
0.13957
0.13957
8.75337
0.13957
8.07792
0.13957
0.13957
11.7189
4.6222
4.6222
3.5476
5.43786
5.43786
0
13.3434
0.13957
8.54976
0.13957
20.3638
13.6887
0.13957
8.07681
4.88867
0.13957
6.1629
6.87987
0.13957
6.87987
10.5923
12.9299
20.0889
5.34361
3.28289
55.992
4.50023
4.50023
1.07896e-05
4.11016
-5.96046e-08
-5.96046e-08
5.99567
9.96062
0.13957
10.5708
6.96724
0.13957
4.17445
6.86097
6.86097
10.7163
11.5345
0.13957
11.5345
0.13957
34.5154
8.66603
8.66603
-1.64636e-10
21.3045
3.59422
3.59422
0.13957
90.8066
10.1766
5.30569
19.8247
6.67968
2.05795e-11
7.21462
9.45547
9.45547
3.40106
0.13957
10.6051
7.36715
0.13957
0.13957
16.5385
8.73906
0.13957
0.13957
3.82026
7.73018
7.73018
4.21468e-08
2.78746
0.13957
3.84492
0.87671
0.87671
20.599
5.67411
5.67411
0.13957
8.07617
9.90034
9.90034
0
8.1615
0.13957
0.13957
3.3202
6.0266
6.0266
19.1869
0.13957
0.13957
0.13957
9.83394
5.38125
5.38125
0
12.8739
1.00347
0
1.00347
0
0.13957
6.07295
6.07295
0.13957
3.2533
0.746568
0.746568
4.30342
5.87603
8.62039
8.62039
3.63872
0.13957
9.35323
3.05481
3.05481
3.45023
8.79687
5.28865
9.51762
7.00946
-2.87607e-12
7.00946
16.9866
0.13957
0.13957
28.1445
0.13957
0.13957
7.35716
0.13957
12.615
11.9013
0.13957
0.13957
7.69826
3.88119
3.88119
3.34358
2.23572
0.13957
22.4282
2.89797
3.72529e-09
3.72529e-09
4.4629
10.8663
10.8663
5.61976
3.79565
4.14001
4.12373
5.89797
5.89797
7.64475
9.02562
5.17674
2.22788
5.48574
3.36894
0.13957
0.13957
14.4639
4.50896
0.13957
4.50896
16.9881
5.815
0.13957
5.815
12.2466
4.79291
0.13957
11.3161
7.5636
1.19209e-07
7.5636
1.79906
5.66873
5.66873
3.41542
5.27449
5.27449
9.29349
0.13957
0.13957
11.9979
2.97691
5.51236
-2.98023e-08
0.782285
18.5975
0.13957
18.5975
0.13957
0.780123
0.13957
0.13957
12.8509
3.16513
3.16513
-2.95551e-11
3.20276
7.2991
7.2991
9.5589
1.93652
0.13957
8.80242
0.13957
16.6493
15.2258
0.13957
10.1807
4.61909
4.61909
0.13957
25.9103
10.4627
0.13957
7.8789
4.81825
4.81825
3.31814
4.95246
4.95246
4.24396
3.62909
3.62909
14.5143
8.74635
2.60346
0.13957
0.13957
4.3625
4.86956
5.55513
0.13957
6.64561
8.7098
8.7098
17.2631
7.54132
1.17804e-08
7.54132
1.17804e-08
8.48656
3.57202
0.13957
11.2601
5.28903
5.28903
0.405169
5.37928
5.37928
11.7283
2.81468
2.81468
4.55081
12.3466
2.94185
-7.45058e-09
2.94185
-7.45058e-09
0.13957
0.13957
0.13957
1.48888
4.59176
4.59176
0.13957
6.53661
0.13957
0.13957
1.01859
4.59675
4.59675
0.13957
21.3433
2.70213
2.70213
0.13957
14.9002
2.34154
2.34154
6.48591
3.70444
7.63479
0.13957
1.63285
0.13957
0.13957
23.1003
0.13957
0.13957
3.81239
0.13957
1.96723
1.174
0
1.174
0
19.168
2.01134
2.01134
13.101
6.71505
0.13957
6.88553
0.13957
0.13957
2.62756
0.13957
0.13957
5.88642
9.38669
3.35597
3.35597
9.47716
6.55525
0.13957
0.13957
2.6652
5.9992
3.40795
5.9992
0.13957
4.80595
0.13957
0.13957
7.55293
4.2706
5.92208
0.13957
7.66859
7.66859
8.79588
7.30838
3.89999
4.00272
5.00475
5.00475
7.54066
5.30978
8.13578
0.13957
8.13578
0.13957
17.7003
9.91138
5.23815
5.23815
0.13957
7.09272
3.32251
5.0232
5.0232
7.76246
5.65141
5.65141
6.78889
6.32
8.98447
1.83471
0.13957
7.25009
-1.02898e-11
-1.02898e-11
11.5464
2.85412
-9.31323e-10
3.05732
10.4601
10.4601
0.139817
1.09756
10.4546
5.77508
0.13957
9.26954
6.3725
0.13957
6.3725
4.0541
3.48846
3.48846
2.18801
4.47862
4.47862
0.13957
24.7557
3.87802
0.13957
0.13957
5.95554
1.23879
8.13075
8.13075
3.2262e-09
12.689
4.94147
4.94147
0.13957
17.0434
6.81428
4.45096
4.45096
0.13957
18.472
3.90745
3.90745
0.13957
3.30999
5.52252
5.52252
5.8902e-09
3.03399
9.15997
9.15997
0.13957
1.1515
5.93385
5.93385
12.5222
6.44193
8.18578
8.18578
0.13957
0.13957
0.13957
0.13957
6.1096
0.807495
2.10734e-08
2.10734e-08
1.23522
0.13957
4.14261
0.645954
5.17483
5.17483
0.13957
11.5054
11.2984
11.2984
4.77295
0.13957
4.98116
7.4646
7.01052
9.6596
9.6596
8.69555
13.8129
0.13957
0.13957
11.5048
10.4719
2.45037
2.45037
13.4285
4.9284
3.65505
3.97918
7.07732
3.97918
29.3297
0.141138
0.141138
0.13957
4.12815
1.75859
1.75859
9.14903
1.15815
1.15815
0.13957
3.99034
7.52611
4.23487
7.52611
43.4802
5.49258
5.49258
4.54382
4.54382
2.45641
8.90408
8.90408
0.13957
2.61714
5.96046e-08
5.96046e-08
8.67042
12.6809
3.76268
12.6809
0.323338
0.323338
17.7213
11.3579
0.13957
4.42771
9.92116
9.92116
6.24949
0.13957
0.13957
9.18118
6.08974
6.08974
24.8208
6.51932
6.51932
0.13957
9.81892
11.1
1.19209e-07
1.19209e-07
0.17691
9.97537
9.97537
0.13957
