0.173204
3.07043
0.00358702
2.07542
2.8001
1.09158
2.55978
2.80027
2.48127
2.01308
0.959573
0.890436
1.39118
1.63538
0.000795777
2.37733
0.00338966
2.50476
2.17361
1.64234
0.945973
3.03958
1.34778
7.63793e-05
2.51899
2.08613
0.72535
0.253208
2.23149
1.97409
1.07021
2.22045e-16
2.47431
0.565804
2.14741
0.567543
2.7158
1.09696
3.12121
0.00683736
2.83679
2.85781
2.46724
2.28295
1.00026
1.67034
0.00410504
2.84821
2.22208
0.000171865
2.3002
1.54948
2.0221
1.36185
2.24874
1.09823
2.93471
0.0166892
0.00594207
0.00135391
2.49613
2.49968
2.63375
0.0136105
3.03381
1.91004
2.78127
0.000226046
2.06645
1.19522
2.18834
0.00595586
1.4753
2.95781
1.45688
0.00131356
2.14227
1.786
0.00311295
0.00126472
0.0685938
2.32519
0.0179266
1.05019
0.00220415
2.94516
2.79247
0.641389
0.64138
1.11022e-16
1.00135
9.01715e-09
1.67876
2.53652
3.04345
0.000664399
0.300047
0.206875
2.13107
0.570092
0.525697
2.66618
0.000585429
1.15512
0.000270517
1.68639
0.0512774
0.000240713
2.08408
0.00503133
1.12493
1.1249
2.98134
2.22045e-16
1.55594
0.000320204
2.18254
1.72617
2.01236
7.23253e-05
2.88459
3.11782
1.79558e-05
8.77445e-05
1.08849
3.04304
4.44089e-16
1.59964
2.12113
2.05703
1.58684
2.63788
3.13024
1.19226
1.58915
1.18079
2.78163
2.97855
2.30284
1.16303
0.986674
1.88814
1.72282
1.00731
2.68831
1.97029
0.012453
2.12527
1.73369
2.00105
0.000138002
0.936859
2.80645
3.02149
2.73924
2.37685
2.76343
2.78226
1.61398
0.000713562
0.688599
0.683713
0.00387483
3.02745
2.7053
1.29979
0.000883641
1.11727
0.795125
3.07322
0.652325
0.00333897
2.32405
3.13687
0.20727
1.0316
1.54919
1.03185
1.39377
0.778794
0.554894
3.33067e-16
2.30825
1.66469
1.76957
0.344573
1.02341
1.91227
0.00573549
1.35125
1.99245
1.0468
2.78109
1.93227
1.30992
1.85594
2.39613
2.12528
1.13357
0.00366678
0.557875
2.21573
0.982114
0.969443
0.0012593
2.94091
0.626091
3.12795
3.06235
4.44089e-16
1.4321
2.27585
2.27086
2.4891
1.12941
2.72947
2.86773
0.00100968
1.58947
1.47181
0.00486339
1.75848
1.65187
1.19143
0.00495553
2.74025
2.32334
0.000128201
1.07331
0.00296214
1.95818
0.460838
2.16165
0.0180194
1.41667
2.07396
1.06142
3.08868
2.9136
0.533784
2.89227
3.10452
0
1.79831
2.93222
0
1.60825
0.713163
2.71479
0.355543
5.48949e-05
0.00286623
0.0357439
2.00115
2.99264
0.694362
2.00115
2.69551
1.01635
2.22405
2.22133
2.3501
0.00216981
2.72978
0.329981
1.36172
1.72476
2.84237
3.33067e-16
1.53642
2.73614e-05
2.62451
0.270443
2.19074
0.000494427
2.47461
2.10638
2.17176
2.08742
2.18262
0.341908
1.37489
0.00757191
2.54771
2.89297
0.10409
2.98819
0.779513
0
2.90231
0.123264
0.120023
2.36522
1.16452
0.404663
0.118854
2.28393
1.44086
1.53179
0.729848
2.38802
0.00754253
1.15327
2.7424
0.000155478
0.870694
0.145194
2.27354
9.63513e-05
0.978758
2.79017
2.80339
1.81141
1.47774
0.991674
2.48155
1.63322
2.06077
3.02443
2.86621
0.0107886
2.08634
1.67829
1.31609
0.408049
0.930888
0
2.0149
1.1296
1.60586
1.6766
2.89519
0.0036599
2.20046
0.756178
0.0111231
2.41868
2.37233
0.00156934
2.88889
0.0583202
0.0584287
1.845
0.00880098
0.932081
2.45155
0.584466
0.000270849
2.672
0.000175529
0.865329
1.51762
1.21374
2.75123
0.00281991
0.00780147
2.61591e-05
1.39938
2.16837
0.000277823
1.39908
2.01442
2.83279
2.16529
2.87061
2.20763
1.03533
1.05571
6.04317e-05
2.47568
0.000152209
1.57811
2.54348
2.29411
2.07773
0.534124
2.8671
0.025921
0.00062368
2.41131
1.65095
2.73952
2.67765
0.000505981
2.63291
0.00128298
0.000969677
7.47829e-05
3.06455
0.837888
3.07101
1.45729e-05
0.212308
2.95491
1.22178
3.0625
2.58151
2.13154
2.64127
1.44848
1.12734
1.68812
2.01221
3.10089
0.635262
1.08241
2.72981
1.44836
3.08225
1.19784
0.00182149
2.37745
1.24185
0.00575863
0.000579498
0.350734
3.00015
2.47816
0.759036
0.0573199
2.94966
4.44089e-16
1.21673
0.41337
2.34896
2.13887
2.28358
3.03135
2.91595
2.45533
2.83931
1.62953
3.12842
1.16582
2.1979
0.00218104
0.0024502
2.42471
1.0752
2.96144
2.96342
0.000314411
1.13335
2.578
0.85449
0.818351
2.62665
0.0152641
2.96997
2.82949
1.3812
1.37805
2.02705
8.27171e-05
2.22995
2.04526
2.13125
0.0314991
2.02821
0.0755351
2.04475
3.02604
1.02892
1.55275
1.10491
1.55262
0.000248934
2.3488
1.8384
0.0143618
0.983601
0.052456
0.00308149
1.35167
1.92927
1.65285
2.86298
1.04179
1.0562
0.0018087
1.4071
0.147905
0.898193
2.955
1.56615
1.70068
2.32247
1.22508
0.51765
1.16797
1.67053
0.00962415
2.50811
0.504839
1.40996
0.000161883
1.88991
1.22052
3.0105
2.20893
0.431371
2.8107
0.00517925
1.87347
0.178688
0.885067
2.75782
0.378487
1.03278
0.00348182
0.00377887
2.75019
0.000878936
0.00244349
1.53052
2.10397
2.32597
0.498327
2.75144
0.653613
1.25922
1.25863
1.90036
2.60871
1.88243e-08
0.557593
0.99963
1.20024
1.67695
0.000588225
1.62637
0.0691509
0.131454
2.74573
0.941584
0.000371468
2.73968
0.273139
1.47522
1.14323
0.000437393
2.51149
1.34498
3.08047
2.03199
0.000153061
1.70089
1.75929
0.00387786
1.78396
3.10315
2.699
2.40478
2.553
2.53315
2.86256
0.00158828
0.0111134
2.16207
1.65263
0.929862
0.931699
0
2.4164
0.000842046
3.13981
0.469985
0.186656
2.66819
1.23802
1.91822
3.13629
3.09787
1.26011
1.16602
1.2635
2.42613
2.42986
5.61504e-06
2.90642
2.74841
0.139182
0.863113
2.78286
2.99539
2.79068
2.41341
3.05684
1.21241
0.968336
1.21877
2.17571
1.86904
3.03616
0.00159254
2.04423
0.297257
1.93927
1.74704
2.24451
0.00127802
2.06661
3.1251
0.0915599
0.0838444
1.59299
2.41317
2.06856
2.08606
0.951927
1.58365
2.62892
0.500353
2.53763
0.54327
2.3988
2.86717
2.39752
0.00705299
2.07303
1.97499
2.00758
2.78566
0.00409429
0.000371748
0.0141084
3.11096
1.80462
0.16333
1.26821
0.0814329
2.86299
9.18359e-05
0.532899
1.62906
0.905048
0.538559
2.1355
2.92473
0.012584
3.0061
3.03123
1.34302
2.56845
2.55574
0.00707085
2.09148
1.32691
1.62794
1.22495
2.48334
2.1611
0.14238
2.81571
1.33456
2.45009
0.672972
0.0289751
2.39585
0.0002071
1.3383
2.93211
1.72515
2.78873
1.63248
0.425517
0.332687
0.719537
0.000576542
2.93857
2.45289
1.65712
0.491471
0.00381118
0.380527
2.53811
1.70881
2.57479
2.91992
2.1014
1.20423
3.01738
2.35643
0.00180741
1.54593
3.03144
1.45995
0.503702
1.68577
1.82216
2.43075
0.425286
2.30062
0.861154
1.05048
2.08309
1.97024
1.0602
3.02024
1.5993
1.91725
1.59635
0.877526
1.31439
0.442292
2.78669
0.211109
0.604634
2.93398
1.32038
1.32499
1.56082
1.70434
1.9203
1.65152
0.00274753
1.96625
2.88253
2.51743
0.917811
3.00616
0
0.729523
0.000610561
1.34241
2.89901
0.00225482
1.90404
3.08807
1.1744
3.10987
1.43342
5.08553e-05
2.15022
2.8103
0.479395
0.479414
2.6336
0.727989
2.17079
0.726746
1.44374
2.52901
1.73389
1.7352
2.34072
0.142459
2.7898
2.15046
1.54007
1.82591
1.57895
0.493944
4.44089e-16
1.37217
1.48531
0.567643
3.05326
1.35637
0.898587
1.33906
0.000267133
2.82711
3.01919
1.61637
2.85749
0.33955
2.18331
0.248957
1.43142
1.49054
1.40979
0.000330728
0.0106169
2.87305
0.88496
2.84439
0.36395
0.612315
1.26029
2.67004
2.90489
1.2961
1.64473
1.71818
2.26015
1.16876
2.96529
1.57031
1.73697
8.41267e-06
2.07583
1.09909
1.01563
3.11027
2.72559
2.73848
1.30853e-06
1.02829
1.99503
2.42401
0.00120048
1.62667
2.97933
2.3102
1.67387
2.17273
0.00494375
1.58839
2.8216
0.44372
0.199347
0.695445
0.000309587
3.10378
2.37728
0.401186
0.396003
1.08945
1.59072
0.00245023
1.37103
0.000837468
3.1064
0.00519953
2.30385
2.14429
0.767647
0.00356892
1.07857
2.16959
1.977
2.16671
1.20472
1.45927
2.74128
0.0013031
2.13698
2.84029
2.36479
3.06555
2.57492
2.29137
1.23571
2.62959
2.34248
0.484196
0.000305371
2.59155
1.84953
1.8544
1.9448
1.25117
2.14035
2.95735
2.63065
2.65972
2.54155
1.78787
1.79861
2.42708
2.68997
3.33067e-16
0.000134792
8.23642e-05
2.63421
1.49048
1.42734
0.00131025
1.8783
1.6124
1.65902
0.823009
0.000260242
0.00214938
2.8156
2.53636
0.0350108
1.60654
0.0637839
3.0335
1.22585
0.0114709
0.743341
5.43472e-05
1.46275
2.35245
2.62134
1.05835
2.61576
0.71941
1.60911
1.878
1.80169
1.34916
2.0948
0.777589
0.000465561
1.34524
2.28861
2.02004
2.90124
0.938247
2.9132
2.69203
1.07392
1.07464
1.91912
1.14309
0.394434
0.0114822
0.595636
3.11534
0.990503
0.987493
2.61657
2.749
0.00168644
2.44326
1.60207
2.62367
1.60192
0.0694077
2.56717
0.0980013
1.67461
0.000797946
0.96314
3.01558
1.09573
2.06682
0.00324621
0.0406008
0.897181
0.00353206
1.27731
1.09619
2.09063
0.319964
2.5199
0.00224652
0.708673
2.5562
0.335921
2.69756
5.99971e-05
2.55751
1.23225
2.3386
2.25021
1.65618
0.439466
2.09636
1.74582
3.00579
0.0633426
0.365022
2.04483
2.83784
0.652626
0.871257
1.09268
1.96085
0.000843268
2.31023
0.801916
2.93391
0.00176701
2.62771
1.29129e-05
2.15046
2.20114
1.33043
1.40322
0.00118879
0.904457
2.31385
0.0010988
2.80352
0.514103
1.35643
0.538756
3.01329
0.00152598
1.92404
1.23511
2.10534
0.991386
2.20358
5.47396e-05
1.23078
0.000159917
1.60129
0.481002
0.895919
0.861045
2.68898
0
2.72086
2.72942
3.08516
2.98224
0.000250703
0
1.78013e-05
1.28344
2.22452
1.80454
2.77704
2.33425
0.00134887
1.5828
1.56301
0.00556334
0
1.62585
2.41861
0.209622
1.61886
0.908836
0.00430864
3.02987
0.00702791
1.77186
1.63254
0.925613
0.0586511
1.73914
0.00120388
2.79026
1.20158
2.90918
2.22045e-16
2.75758
1.09815
2.92337
2.77099
4.44089e-16
1.79793
2.08253
0.60504
1.18297
0.991664
0.0122909
3.08493
0.522899
2.1185
1.45884
1.45577
2.55703
1.39149
0.0618033
7.62219e-05
0.00666847
0.301608
1.66774
2.43764e-05
2.95052
1.14807
0.795772
0.000102752
2.93857
0.977019
3.00683
0.00176006
0.0528331
2.68884
0.446501
2.57781
0.925287
0.000373556
2.67266
2.22932
2.48473
1.905
0.00471075
0.000599089
0.00135753
1.37372
2.42712
1.74741
1.02807
2.10878
2.00261
5.27666e-06
2.57901
2.45755
0.0148824
1.37564
2.62227
0.00367784
1.61007
1.27955
2.31974
2.69743
1.45031
1.45679
2.76857
0.862137
2.91863
1.2159
1.35205
1.15073
2.21551
2.50109
2.41657
0.0840876
2.17546
0.00219314
0.00280653
3.12603
2.91299
2.63686
0.00593027
2.91958
0.998664
2.72453
1.79083
1.82958
2.97612
0.530205
2.29557
1.90105
1.29658
2.38674
0.0905046
1.0895
0.145019
1.9718
0.477867
2.19844
2.67702
1.89215
0.00765997
2.26913
1.21812
2.93567
1.12756
3.0584
2.34588
3.05918
2.22757
1.38771
0.000416365
0.397381
0.000515174
2.6245
2.77072
0.000179788
2.08593
2.1886
1.93894
1.93894
1.59327
0.586559
0.00145567
0.528048
2.84176
3.14038
2.88591
2.16267
0.76073
2.81425
0.518394
2.34085
0.855522
2.08987
0.74152
2.41004
0.0118155
2.35114
1.3863
0.894641
0
3.04394
1.05423
1.44066
0.529348
0
2.93087
2.05129
0.0013165
1.38729
2.4381
0.00192664
0.33247
1.38328
0.906517
0.32857
0.00607774
2.0181
0.0071472
0.654083
0.00218752
0.958105
0.0411992
0.289398
2.76745
2.99192
0.00101695
0.0605548
1.47894
0.455854
3.01926
0.000104948
1.54059
2.97072
1.10592
0.00151015
0.121945
0.00433802
0.00116566
0.504996
2.86587
0.00765861
0.655859
2.50868
1.80381
2.50908
2.58481
1.50543
1.89927
1.89898
0.00613259
2.12595
1.35355
0.00461272
2.22045e-16
0.00138155
2.95084
2.39878
0.0939073
2.40349
2.22045e-16
1.95008
0.010415
1.60852
2.93695
1.82896
2.49635
2.99335
3.08924
1.04233
0.599462
3.0934
2.26545
2.22045e-16
2.6594
2.52071
0.293995
1.3164
0.00133335
0.00336851
0.428217
2.9634
0.0101902
1.20043
2.22541
2.1609
2.15983
2.98834
1.21108
2.67255
0.844985
1.21653
2.39695
3.03548
1.49068
2.61925
0.000554433
1.55084
2.40416
2.21597
2.32985
2.78309
0.00880796
0.0855565
2.95679
0.000187063
0.11367
2.60594
2.48527
2.81541
1.08145
0.919578
2.88127
2.4831
0.000676183
1.77438
2.63448
0.424478
0.00291863
1.2338
1.80619
0.00024005
2.94255
2.96052
1.0162
2.9657
2.2981
0.0612953
1.26697
2.25683
0.647326
0
0.954214
0.00601091
2.84452
2.99659
0.937746
2.14752
0.002408
2.9059
0.379326
0.498432
2.99741
0.904225
2.60823
0.90439
2.77073
2.67479
0.000851581
1.36057
0.634058
2.81804
1.48511
0.548697
0.524778
0.0312739
2.47414
1.25843
2.34412
0.00160622
2.19922
0.366452
1.43382
2.80114
0.251734
1.42385
0.00126363
1.23412
0.000879845
2.68089
0.254941
3.12687
1.64555
0.433292
1.64895
2.08187
0.288615
3.00877
1.0061
1.00693
2.2147
2.03915
2.03447
1.41852
0.00422144
2.84863
2.04512
1.08736
2.75763
2.14041
0.129518
2.017
0.0131727
1.92054
1.11465
0.855697
1.89288
0.00155807
3.04513
1.89711
0.116508
1.88972
3.04327
0.116512
0
3.12341
1.27634
0.0664652
9.47422e-08
2.79435
0
1.10686
2.43909
0.00240099
0.454391
0.00395147
0.367008
2.60409
1.71777
1.71354
1.116
0.821751
2.62227
3.02639
1.724
0.00212437
0.206525
1.84485
1.59904
3.08371
2.91846
1.8049
2.87785
3.00566
0.0780544
2.67824
1.54318
1.54238
0.9348
2.38231
2.11334
2.11042
2.59951
0.000255039
2.45614
2.7149
1.23375
2.80973
2.40317
1.69146
1.83169e-06
1.43087
2.21971
2.12192
0.0807289
0.0044714
1.90032
3.11521
2.33841
0.309962
0.00109126
0.000761925
2.5679
0.0213988
0.29767
0.000546438
1.39859
0.0146188
2.83432
2.11299
1.68958
1.8957
3.06073
0.0885296
2.90629
0.00471839
2.7938
0.00602062
1.97719
2.14151
1.98796
2.62285
0.0122619
2.86208
0.361411
2.46234
0
2.8791
0.292895
2.87831
0.00128372
1.94188
2.99419
1.59943
0.211747
1.6894
3.03436
1.5707
0.00138371
1.78631
0.554881
0.00106379
3.0038
0.380038
2.4015
0.0488491
1.30656
0.383326
2.01692
1.69113
1.55424
0.00171955
0.00999179
2.82584
2.83056
0.0892161
2.99163
2.8662
2.77808
1.71263
0.0149994
1.32722
2.9205
0.601016
2.13214
2.32105
0.600034
2.73217
2.87683
1.65857
0.00544896
1.65281
0.000630539
1.40774
3.02105
0.258374
2.89658
2.93823
2.75385
0.00168926
0.000315729
1.76984
0.000570577
3.08617
0.905059
0.122867
1.78953
0.913697
0.787209
0.879457
2.02472
0.00226588
2.92243
0.489999
2.84286
0.000418018
2.47396
0.520388
2.33349
1.08935
1.09018
0.127467
2.34305
0.00130099
0.00185144
2.60969
2.48876
2.66252
2.93544
0.0153159
0.635175
3.1341
2.68815
0.0563372
0.00148165
1.43541
1.11623
1.03208
1.0481
0.000346991
2.97888
0.00290172
1.79379
0.556646
2.71426
2.56404
1.21063
1.63304
3.02215
1.01475
2.38583
1.80267
1.51975
2.67445
0.00141266
2.2381
1.09967
3.03988
0.00119554
2.21781
1.00613
2.67296
0
0.058835
2.50607
0.446071
1.3306
1.43509
2.43923
2.44073
0.00470527
2.74069
0.00141687
0.00203865
2.69617
1.00151
1.77126
1.01754
2.77094
1.2165
2.94741
2.80834
0
1.17052
1.43731
2.83377
2.95095
1.8418
2.40978
2.90464
2.36274
0.0828815
2.4
1.59457
2.79472
1.04365e-05
2.29783
0
2.1217
1.9683
1.14152
2.29206
0.825262
3.04887
0.390596
0.390945
2.5484
0.00718496
0.784808
2.46612
2.47329
0
2.73308
3.12087
2.14504
2.522
2.67288
0.349276
0.989597
1.03865
2.11567
1.91677
3.08922
2.93879
3.09017
0.00107508
0.144475
2.59164
0.726875
2.07073
0.73229
0.705894
0.00198301
0.000770163
2.50856
0.000128919
2.30266
0.000318667
0.735701
2.25269
1.43937
1.81984
2.99229
8.1468e-05
1.21302
1.0378
2.71174
2.12559
2.24995
0.000714027
1.55901
0.866334
2.25308
0.0867547
1.58325
0.485125
2.12656
0.837205
2.48849
0.954471
2.15396
0.958414
1.19897
0
2.59095
0.704272
3.07509
3.00247
1.8511
0.000261862
2.5767
2.36495
1.86354
1.86666
2.71215
1.52436
1.27741
1.12129
2.15147
0.400614
0.00226917
2.54809
2.9721
0.000289641
0.000280823
1.53026
0.00145533
0.53026
0
2.32475
0.982394
2.78271
1.61089
0.344722
2.50366
1.18623
1.74369
3.33067e-16
2.79924
2.07467
1.9341
0.493953
2.58664
1.14078
2.83771
2.83803
0
0.000888082
2.64002
2.16456
1.62147
0.632572
1.4778
0.59006
2.70703
2.9171
2.17376
0.844975
0.000589678
0.964531
1.00595
3.07496
2.35081
0.151898
0.152656
2.37637
0.278392
2.26377
0.0162109
2.11777
0.19762
0.000542276
1.7479
3.04711
0.000634475
1.62265
1.97102
0.000420239
2.85121
4.44089e-16
2.70945
1.82163
3.0384
0.000403354
2.59703
2.46939
2.41997
2.93977
1.03102
0.235857
2.11419
1.02902
0.00361049
3.14159
2.38554
2.55196
2.53912
3.01501
3.13595
0.000599105
2.08776
2.58694
0
2.65608
0.0107983
1.68646
1.80067
0.000132108
1.69763
0.0517121
1.9719
1.184
0.00341217
1.54301
2.87339
0.412981
0.00793375
3.06738
0.000552578
0.000816382
1.69525
0.00142569
0.779211
1.94145
1.41565
0.0165804
2.59452
2.37628e-07
0.572471
1.78249
2.35734
2.61031
2.53801
2.35496
2.03784
2.74897e-05
2.86891
1.60351
2.4872
0.00388171
0.711176
0.230526
0.00180508
2.56774
1.85602
0.9896
0.00407632
2.55079
0.0133358
2.9398
0.0144403
0.609504
2.1258
1.85089
2.30004
2.30376
0.00373817
2.41089
0.390325
2.53393
0.00324633
9.75228e-05
1.49684
2.11541
0.5692
9.44995e-05
2.66736
3.00278
2.70907
0.0175734
3.06421
2.04192
0.00915331
2.12604
1.64287
0.00799025
0.0907667
2.7556
0.00645826
2.70302
2.74816
1.31324
1.6111
1.60657
0.00452913
1.36973
1.07596
9.09431e-05
1.3282
0.00230268
2.0421
0.002822
0.697787
2.95387
2.42168
2.93583
0.421483
0.475579
2.78148
4.44089e-16
0.00186564
2.91552
0.184578
2.16511
0.00307109
2.16708
0.936121
0.00475905
3.09244
2.59413
1.191
1.32018
2.72886
2.13441
1.31639
0.00534499
0.819574
2.54177
1.59835
2.61905
0.0114641
1.13398
2.3077
1.71813
1.05692
3.09186
2.57649
2.57519
3.08944
2.00662
1.34846
1.97377
2.83522
2.74653
2.13862
1.30084
1.8881
2.98993
1.24053
2.76763
1.07118
0.00288466
1.58165
0.00176307
2.84848
2.76566
1.26714
2.91112
2.3403
0.000909038
2.25432
2.89532
3.6101e-07
2.69783
2.67815
2.75492
1.12191
0.000438869
1.95556
0.00190035
2.82894
0.325563
0
0.295801
0.0487015
2.77636
2.82051
2.02122
2.27472
0.00535181
2.96227
0.945436
2.58497
0.6467
0.909415
3.10253
0.0033089
0.712826
0.160156
2.88039
0.346412
2.76753
0.344204
2.42235
1.76102
4.9439e-05
2.86132
0.318472
2.45195
1.95361
1.95909
2.98349
0.0025442
2.6948
0.228813
0.106547
2.99706
1.10445
0.000653491
2.26432
0.000605636
0.108534
3.05947
0.343783
0.00503911
0.000340315
2.8731
0.183674
0.00129104
2.80972
1.92319
2.50189
2.45447
0.408543
0.010859
2.61276
1.07862
2.0047
2.59733
3.05879
3.33067e-16
0.890371
0.00217637
1.1008
2.06803
2.05605
2.40238
0.967237
3.12634
2.8287
1.7881
2.253
1.75241
0.00376033
2.34067
4.44089e-16
2.07445
2.83713
1.14782
0.000225645
1.16304
2.88505
0
0.0032887
2.22185
2.76415
2.0777
1.29016
0.0208811
0.000442669
2.93966
0.728073
1.82424
0.00182418
0.696803
3.03407
7.4129e-05
0.21304
2.99595
1.97499
1.27843
1.31875
0.00913596
2.12296
1.51431
2.92697
1.57652
2.45078
0.178991
2.61026
1.66533e-16
0.0706106
2.64315
1.75332
2.6798
5.79568e-05
2.98853
0.286012
2.78983
2.31846
2.34057
0.00103402
2.60343
1.85596
0.0169337
2.42401
2.45071
0.000462513
0.014539
0.000213823
2.35306
1.83373
1.99244
0.094222
0.00335196
0.00159828
2.42059
0.0459824
1.22414
2.46613
1.20018
1.46045
1.62098
3.07226
0.830446
3.06798
1.03784
0.00300294
1.65453
2.07905
1.82505
1.73787
0.793144
1.06341
0.783264
1.22473
2.40216
1.67268
1.8092
0.67191
2.13137
1.02214
1.85225
3.08632
2.39184
1.49552
0.625236
2.12292
2.9812
1.07865
1.8578
1.85766
0.000207914
1.55794
2.51798
1.99103
2.09066
0.768046
1.9865
0.765197
2.75056
0.00851742
0.00018844
2.05678
1.29261
1.34821
0
1.79597
2.17162
1.77032
0.198096
2.38904
0.00106492
2.58729
2.57799
0.000257286
0.376862
2.52511
2.09008
2.34153
0.881347
2.49479
2.1469
2.71974
0.503138
1.9147
1.34957
0.711053
1.24691
2.52877
1.19916
2.82674
0.792917
1.87838
2.53671
0.240043
2.3092
0.0020229
3.13728
1.4698
0.00104952
0.000580304
1.31756
2.21368
2.87758
1.31138
1.55995
1.92939
0.626845
0.00217143
2.21754
0.501356
0.840523
2.62725
0.17856
0.48064
1.13338
2.64331
0
2.89087
0.000139774
1.25356
2.24908
1.64564
1.64532
1.0701
2.91868
1.21494
1.21112
0.00310763
2.61145
2.29622
1.01818
2.29876
0.00159689
2.54884
0.408613
2.63006
1.85939
0.00277764
0.00079135
1.99167
0.00699699
3.11134
1.28324
0.000161049
3.06792
0.464358
1.8002
0.538139
0.565126
0.00848261
0.755661
2.11061
2.95454
2.11212
0.843925
0.000951162
2.82366
1.07671
0.00842439
2.8072
0.0222276
2.13437
1.38223
0.11188
2.95606
0.00210132
3.03044
2.28046
1.68749
1.46111
0.632952
2.79315
1.24849
1.23991
2.50166
0.554855
0.000332876
0.000475747
2.22094
2.40809
2.08942
2.40946
0.317918
0.00591832
1.23298
2.37056
0.261576
0
2.85615
0.000133161
0.122852
1.08209
1.01066
0.000827234
1.83775
1.95699
2.35974
0.11924
2.42016
1.87064
1.45428
2.52667
2.52515
0.00203051
0.0251876
2.46467
0.670083
0.520192
0.57427
3.14035
0.648758
2.53758
2.04206
3.0082
0.0326066
3.04957
0.55645
2.43375
1.96905
1.19095
0.720514
1.9135
0.000197983
1.95209
1.18499
0.501267
1.32907
0.0646248
0.00363444
1.40727
1.46204
0.667601
2.47995
2.40635
2.88113
0.332164
1.26511
2.83195
2.62996
3.12715
0.331684
0.93249
3.11861
2.29734
2.79453
2.78866
0.730646
0.707421
2.74561
0.000444775
2.85699
1.08932
0.357002
2.33688
2.42553
0.000678699
2.663
0.888979
0.000206081
3.12571
1.38345
0.0172997
2.43899
0.860885
0.837618
2.89142
0.367835
0.000949296
0.950821
0.316925
2.36724
1.03067
2.34084
0.00439071
1.97078
2.3206
0.000884795
2.67606
2.13799
0.355174
2.69362
1.05243
0
2.64119
0
1.88775
0.367514
0.00517178
2.67967
0.217603
1.30208
0.000855836
0.933573
0.611774
0.00437711
2.32012
2.38387
2.90312
0.0645029
1.42713
3.07552
1.01289
1.49049
1.14878
0.778517
1.81622
0.000116859
0.571169
1.95897
2.94235
0.00148526
0
0
1.28751
2.92009
2.31925
0.12172
1.23185
0
0.951963
1.77242
2.90586
1.74224
0.0114859
2.22685
1.57988
2.12806
1.11022e-16
2.30906
3.10663
2.41403
3.0428
0.0550813
2.35601
0.895678
2.49592
0.243234
2.86296
0.00156604
2.30159
1.80936
2.49049
1.87713
0.479406
0.905403
0.000408654
3.02654
2.70432
1.44442
1.44801
0.869449
2.86794
0.000751524
0.000836661
2.43668
0.722543
1.62266
1.7818
1.91268
2.35106
1.16024
1.1597
4.16334e-17
0.460693
0.0121536
2.59768
1.67995
0.0208602
0.000150429
1.85966
1.02918
2.00065
1.66533e-16
1.29158
0
2.72572
2.17182
0.0970304
2.81548
1.43031
1.6097
2.85531
2.18707
0.022902
1.78701
1.77431
2.64487
0.0141672
2.15935
0.0147742
2.17457
0.00806153
1.98298
3.09321
0.551099
0.230038
5.84809e-05
0.0790034
0.700017
3.09358
0
0.000212507
1.88007
2.37052
2.06869
0.00119274
2.92541
2.19147
0.132123
1.69633
1.73066
0.00271975
3.13029
1.46851
0.846654
1.68432
1.68173
1.98881
2.21832
2.22666
3.11638
1.2701
1.34324
1.26473
2.61178
1.53668
0
0.00027976
2.76843
1.10144
0.954966
7.35536e-05
2.91284
0.677849
1.52967
0.862024
2.7902
0.438261
2.36513
1.22499
0.00313757
2.81851
0.650347
0.26784
0.26784
0
2.52327
2.26339
2.18907
2.2654
1.83182
2.91168
5.02571e-05
0.129473
3.06235
3.00337
2.93288
1.88382
2.36838
2.36676
1.99227
1.11676
0.0041459
0.760511
3.06385
2.09848
2.02987
0.0177445
0.00287023
1.99165
2.3346
1.44172
2.3954
0.892674
2.17494
2.38796
0.0017121
2.96264
3.04835
0.80525
2.38364
0.000596902
2.10784
1.93225
2.77255
0.848316
3.00571
3.05678
0.00075504
2.1297
0
3.03609
0.00166808
1.87351
2.83869
0.929506
2.00182
0.0851734
2.47936
1.4172
2.60982
0.858614
2.30665
2.30868
3.09945
0.553416
2.13034
0.861859
0.000438023
1.18531
2.04597
2.22093
3.05191
3.11896
0.363221
1.61544
1.61867
2.77556e-17
2.09263
2.32681
0.00946056
3.08438
2.98139
0.0032359
0.00196799
0.506691
2.61982
2.04182
0
1.58698
0.796885
2.59817
0.668583
2.62413
0.796177
1.02624e-05
2.81404
0.260308
3.08485
5.55112e-17
3.04607
0.290218
0.341694
0.322765
1.56652
1.56618
0.70282
0.0027684
0.0090843
0.598045
2.49049
0.000304862
1.65663
0.00423214
1.57497
0.678977
2.24211
0.00250264
1.05703
3.88578e-16
2.71457
0.868495
0.00220567
1.86885
1.93954
0.000503724
2.75423
0.376696
0.373453
1.86956
1.89083
0.588648
0.763636
1.87683
1.29176
1.11677
0.300296
1.6873
2.39311
3.06165
0.14043
0.142987
2.1373
0.000726696
0
9.57381e-05
2.50146
2.04448
1.51691
1.64246
0.512143
2.72173
3.12375
1.05307
1.55395
2.8855
1.65912
0.00217819
1.32971
0.00271452
2.8452
1.27854
2.96479
0.000945095
3.02493
2.38537
2.87549
2.11196
0.0637552
1.25886
2.31087
2.66836
2.43842
0.497649
0
0.34449
0.00570409
1.69219
2.62861
2.76539
2.8994
0.93194
1.82112
2.61304
0.787447
2.84655
0.00229698
2.5521
4.26655e-05
2.33965
0.0017707
2.95662
1.55596
3.01313
0.00039653
0.474415
2.1885
0.00113503
1.5012
1.62077
1.84294
3.12197
3.1279
0.984086
3.13239
2.67459
0.0390629
3.1198
0.475484
3.11102
2.44919
0.0067952
2.79039
0.000229635
0.91081
2.34734
1.69264
1.86384
2.86429
3.02551
2.77418
1.2554
2.25313
2.3262
2.28044
0.000533329
0.45974
2.51693
0.00418747
3.13078
0.00527748
2.49242
0.633203
0.6918
1.8784
0.796807
0.104094
2.35614
0.00211384
0.000369154
2.95288
1.72669
2.63386
1.52806
3.11567
0.931901
0.00340483
2.04066
2.74655
0.746391
0.00416253
0.00226155
1.95625
2.97752
1.75087
1.91838
0.000404192
2.58256
0.628964
2.31396
1.9262
0.419878
2.33897
2.92234
1.3541
1.48913
1.91899
2.94087
0.934123
2.91278
0.00962462
1.28239
3.13188
1.55895
0.00619576
3.0399
3.05683
0.00127946
1.5316
2.50875
2.26206
0.989938
2.51413
0.00190904
0.000356048
0.601812
2.60423
0
2.74182
0.00120029
1.62862
2.52861
2.06826
0.910299
0.250244
0
2.45922
0.645918
1.7669
0.845265
3.1098
2.09588
1.73076
1.87199
2.091
1.83996
0.501822
1.88503
0.00428604
0.706268
0.673076
3.08499
0.485426
2.17695
0.20474
1.97198
2.56146
0.441284
1.5791
2.32224
1.83312
0.550766
3.04718
0.285465
0.284356
0.000852158
2.42068
1.39573
1.89427
1.78605
1.55168
0
1.66285
0.00125387
0.149224
2.65332
0.00207199
0.80945
2.35846
0.0044469
1.49062
2.2895
2.95358
0.600312
2.8486
2.83275
0.0123423
0.390437
0.322297
0.00353607
2.1831
2.86126
2.18082
1.86144
3.10027
1.88516
0.000911961
2.06418
1.69647
0.00535845
1.41724
0.996579
0.27501
2.99755
2.3229
2.05201
0.00134178
2.57015
0.0035608
1.70643
2.7
0.131663
0.0026948
0.103799
2.6296
2.0412
2.59332
0.123307
2.96284
0.289892
0.286588
2.07529
0.00058257
2.01441
1.22585
2.99484
0.012365
0.0206569
2.41317
0.620237
1.21018
2.55846
2.20009
0.615109
2.19974
1.08675
1.86753
1.80303
2.12462
2.62811
1.68821
1.97255
2.4107
2.2583
0.0021517
2.7049
0.00280584
2.88882
0.129968
2.46228
0.871226
2.014
2.22045e-16
0.000267705
0
0.861369
0.000661424
9.93063e-08
2.88457
1.04117
1.62633
1.61685
3.02396
1.69223
0.00033232
2.65769
1.98313
2.57502
0.468545
1.84262
2.20129
0.3378
2.31153
2.97911
0.501245
0.494803
2.98141
0.000941574
1.95418
2.74987
1.18449
2.0905
2.64438
0.399314
2.71132
2.47361
0.00068104
2.85158
1.01003
1.00853
2.88527
0.827358
0.827253
1.46446
3.06466
0.567898
0.568607
2.27227
2.93929
2.35567
0.358589
1.7688
0.00170687
2.49524
0.305621
2.64024e-07
2.73097
0.123927
3.00429
0.199418
2.05152
0.796668
1.37337
2.36318
2.40106
1.32192
1.88538
1.98979
2.45541
2.01154
1.81604
0.946963
0.0172316
1.02824
1.06766
0.0036713
1.01193
1.63634
1.9391
2.25918
3.08357
1.26188e-07
2.00568
0.000831154
2.95772
0.934477
0.949333
0.00021539
1.15702
1.07669
2.73605
0.656329
1.34404
2.34079
1.49646
3.009
0.12758
2.84799
1.77781
0.849419
1.77677
2.62852
2.81997
0.000687081
1.68554
2.29391
2.85773
2.06234
0.61221
0.338435
0.341153
1.73602
0.783762
3.06051
2.49241
0.227
3.08089
2.83368
1.34838
1.05462
2.45501
0.0315565
2.12918
2.12707
0
1.90346
1.88495
2.4099
0.00334618
1.57538
1.05043
0.567684
2.53751
2.56838
2.81411
0.0574695
2.19719
0.059227
2.25592
2.21982
0.00142998
1.02573
1.66742
0.00572403
0.00113517
2.35147
0.954472
0.712324
2.61024
0.683566
0.684394
2.18139
0
0.00046305
1.8292
0.61045
1.65004
2.37104
2.58416
0.884725
2.65974
1.56861
1.14317
9.64188e-05
2.79893
2.02426
2.43754
0.00577198
2.26903
1.37099
0.00678598
2.09751
0.291279
0.00536711
3.02985
1.81883
0.00469152
0.000892979
0.607545
2.4866
0.667966
0.0366424
3.01129
2.55429
0.0654592
1.46638
2.11162
2.64066
0.00108999
0.721943
0
0.1933
2.32926
2.31871
1.34679e-07
0.00105899
2.94221
0.00106653
0.527652
0.512134
1.74769
2.60314
2.85361
2.60239
0.00213667
2.48325
0.00122909
0.449564
2.74822
2.58052
2.65069
3.08269
3.0328
2.89856
1.43078
1.78782
2.64502
0.482545
2.23568
1.76252
1.75314
1.26704
2.54864
0.000519093
2.97754
2.44203
2.87863
1.69693
2.8064
2.87246
2.80863
0.00226258
0.712237
2.57152
2.01145
0.754639
0.00974832
0.240014
0.960737
0.931669
0.966022
2.81374
0.781342
0.782594
1.02397
2.52798
0.000595787
1.39116
0
2.80831
2.03607
2.32862
1.30823
1.6406
2.52271
2.67801
2.4142
2.70814
0.174255
0.0010553
2.50536
2.38593
2.84739
3.03723
2.11407
1.00068
2.16568
2.11486
2.00424
3.07502
2.94765
0.243392
0.256457
1.53929
1.1799
0
2.15597
0.778669
1.39075
2.60483
0.0593489
1.76822
0.00215968
0
3.03549
0.286772
2.94978
2.16088
2.96846
0.0225427
0
2.33696
3.02444
0.883309
0.366666
2.94531
1.23093
1.23061
1.18672
0.0087872
2.51238
0.00303349
1.75789
1.87611
0.000257681
1.69335
2.87587
3.06259
0.00227286
2.80456
0.447147
1.52146
0.977913
1.14279
1.29966
0.00286196
3.13016
0.589181
0.00057213
2.69473
1.05852
1.5716
8.73807e-05
0.492135
0.969912
0.581968
2.95533
1.36538
0.690973
1.34789
2.09331
2.48951
2.09804
3.0768
0.00133518
0.0010556
1.83283
2.01539
3.0428
2.97853e-05
0.00813371
1.60554
1.20055
2.39519
2.04942
1.71421
2.76704
0.482934
0.853832
1.29771
3.07599
0.909455
1.28909
0.912532
2.2021
1.35564
0.49272
2.40371
0.494823
2.90052
2.65022
0.496749
0.000385189
3.10672
2.97305
2.60916
0.923888
0.00211648
2.40255
3.00828
1.47866
1.22489
1.65879
1.75716
2.25918
3.0226
2.82054
0.000165883
1.95764
0.0439683
1.89715
3.06233
0.000442766
2.81169
2.41271
3.01783
3.07537
1.5887
0.512317
1.5887
2.10101
2.08287
2.18702
0.946015
2.03493
1.27325
2.04894
0.102425
1.86543
1.78369
0.226363
0.00334189
2.58411
1.22053
1.4885
2.2057
1.22045
2.70902
2.75963
1.90715
0.654769
1.14654
2.98762
0.660221
2.32739
0.707649
3.05336
3.01181
2.38774
3.01464
2.41906
2.06478
0.00260177
1.78017
0.000123406
1.12132
2.3279
1.8192
2.83721
2.73716
0.000710353
0.000669585
0.00152278
1.83351
1.48168
0.885729
1.99092
2.53498
3.05633
0.202942
2.6055
2.6055
4.44089e-16
2.84937
1.57227
1.0799
2.37641
2.42641
2.78196
0.319889
0.0139976
2.64832
2.08761
1.89844
0.0728123
0.487897
0.568234
2.08661
0.00118818
1.24869
1.00108
2.38544
0.279525
2.30682
0.916032
3.12792
1.11962e-06
1.52485
2.1252
1.52665
2.66523
0.565267
1.15517
3.04232
3.00048
0.850746
2.01526
0.90995
2.91541
1.20127
0.135368
2.39908
2.03244
0.0491497
2.07509
2.65228
1.40858
2.81021
2.8464
1.02258
1.51722
0.931921
0.00179718
0.0314624
2.18442
0.827258
0.000257418
2.60837
2.36514
1.76975
0.00284881
2.27496
2.87035
1.16768
0.737385
2.82733
2.65754
2.65748
1.39928
2.62952
2.97894
2.60384
0.185475
0.283076
2.36051
1.08634
1.87063
0.882659
4.44089e-16
0.000673216
2.84993
1.9195
2.86907
0.0169326
2.01049
0.591793
0.00719291
1.72322
2.76235
0.00356981
7.57861e-05
1.50405
1.99522
0.0169005
1.20071
1.02936
0.00100687
1.12409
0.000981969
2.18045
2.07897
1.86544
0.847852
2.34136
0.00459041
0.975767
3.10169
2.47934
3.00227
2.20262
1.50046
0.0354034
2.37838
2.34462
0
2.38526
1.24005
1.44897
2.73583
2.57295
2.57517
2.87429
2.50853
1.90484
2.54557
1.92199
0.415732
2.52444
3.26128e-16
0
1.03381
2.47908
0.460598
1.18212
0.0404168
3.09345
0.819944
0.00518011
2.77674
1.90724
2.33956
3.12044
2.2323
2.15655
0.852243
2.94395
2.48918
2.53381
0.000243787
3.08896
2.17432
1.96826
0.00134114
0.184557
0.755292
2.40226
0.00263182
2.89256
1.15207
1.58503
1.58824
0.00320744
0.137252
2.80562
1.29962
3.10512
3.06999
1.55102
2.85372
1.37134
0.394357
1.7432
1.65171
1.74498
0.136408
0.367481
1.38425
2.58368
2.78287
1.05667
2.47636
1.05667
2.75015
1.7947
0.500988
2.65017
0.00238094
1.78271
2.21467
0.000790799
0.0183373
0.00025036
2.23763
1.43891
0.106918
0.00621693
0.000177104
2.97232
2.40153
2.85098
1.73504
2.55555
0.149538
1.81783
1.11754
1.70425
2.77903
2.57388
1.12569
2.22266
0.523294
2.66203
1.26156
1.72226
2.31789
1.58367
1.5465
2.77938
0.000166137
2.36421
0.0728591
1.67142
1.67428
3.10316
0.419347
2.92704
0.419611
2.9368
3.02696
1.41488
1.71122
1.07975
0.627693
0.000306658
0.971734
2.42203
1.86004
2.88942
2.25549
2.18083
1.17475
2.18652
1.0113
2.04813
0.257192
2.28319
2.78789
0
0.00501218
2.67175
0.839718
2.78191
0.00143714
2.05239
3.00323
1.37623
2.8921
0.00124659
1.21552
1.89428
2.13133
2.71224
0.00102573
2.9866
3.01311
0.635117
0.314503
0.0903114
2.99404
2.36349
0.000896502
2.72624
2.15552
1.45801
0.00151077
2.27222
3.03337
1.13442
1.51603
1.13373
2.65088
2.14247
1.49275
2.89803
2.06549
2.90354
0.835165
0.704641
0.00150899
1.84385
0.000174338
0.0669057
0.708581
0.00025582
1.51812
1.83724
2.23048
3.0826
1.47444
0.245914
1.62207
3.10587
3.01918
2.91844
0.000868158
0.00462346
0.0058928
2.24211
2.78842
0.842754
0.00191137
0.108712
1.4455
2.23981
1.51384
1.37825
0.00143489
1.93226
2.35244
0.00259372
0.00148047
0.31597
2.26967
2.95887
0.000463189
0.00287605
2.4075
0.00151285
0.00140971
1.4462
3.07225
1.47754
2.393
1.447
2.92095
2.44677
1.53589
0.856637
2.73239
1.03829
1.02982
2.95922
0.327871
0.962954
0.327631
0.634869
3.01515
0.000235257
2.23776
1.10201
1.22102
2.9175
0.872833
1.8146
0.000885222
0.26106
0.467167
0.000872704
0.000502129
0.956898
2.59343
3.06942
2.56363
3.10627
7.38815e-05
0.00167015
1.44485
2.35192
2.68048
3.12766
2.02462
0.0109237
0.940154
1.54487
1.28174
0.00593363
0.000228798
0.0166819
2.23164
0.0130757
2.01941
0.130034
1.65755
1.48389
2.31883
2.68477
2.87722
1.0059
0.814324
1.56359
1.93694
0.00153626
3.04339
2.73676
0.337452
2.06692
2.71695
3.03197
0.000589526
1.93473
1.18787
2.48428
0.00402997
0.000102287
0.00541662
3.09447
2.9314
0.422227
0.0621949
1.81319
1.95711
2.62991
2.63818
0.00711338
1.41402
0.00317826
2.55783
2.74422
1.14463
2.66149
0.956595
0.86496
1.00662
1.87013
0.0978528
2.82848
0.532623
0.299223
1.2588
1.96664
2.61231
2.77398
2.45494
0.829646
2.68516
0.0121695
1.63228
1.83418
0.00170535
1.749
1.40233
0.673906
3.12887
3.05283
2.01365
1.88169
2.6015
0.234476
1.45027
0.629118
2.65268
0.00771453
6.14157e-05
2.29268
0.804961
3.00807
1.05706
2.20392
0.00380593
2.18835
2.34934
1.37946
2.59367
2.59562
1.61242
0.0124564
3.01828
1.34023
1.70926
2.18206
2.97704
1.62809
4.1932e-05
3.06816
1.46563
1.05556
2.80763
0.410064
0.0437858
0.0105589
2.23627
1.02602
0.934538
0.00387236
2.52573
0.980313
2.06628
2.63114
0.0025012
0
2.87551
1.11893
2.37658
1.14013
0.00064926
2.81182
1.3584
1.00768
0.229435
2.93687
0.557972
1.09628
2.93459
2.25204
2.45365
2.28324
2.86186
1.09281
2.40299
0.0397013
1.70321
1.54696
1.57313
4.44089e-16
0.828262
0.000942248
1.41177
1.83889
2.66857
2.34122
0.683552
1.6192
1.62157
2.67228
0.000821656
3.05486
2.76404
0.00903856
0.000301216
2.02645
1.14548
2.59758
1.75996
0.100573
1.79525
2.13053
0
1.00906
0.598395
0.925939
3.09576
1.57997
1.29089
0.366938
3.11267
0.96776
2.00074
2.00249
0
3.08706
0.0124656
1.97261
1.89867
1.34015e-06
1.06729
0.0288328
2.24881
0.383114
1.38778e-16
2.61948
1.3067
1.67374
1.68544
0.0119373
0.459214
2.77718
0.368994
2.61914
0.817993
2.7625
2.32097
1.36699
2.76091
0.644718
2.32615
2.84914
2.59725
0.882017
2.03337
2.86264
0.701597
1.89555
0.702129
2.59758
1.2431
1.43439
2.57136
0.00321083
1.76296
1.7309
2.75986
0.00205703
0.658093
1.25461
0.00241995
2.04323
2.40651
1.53849e-05
6.80986e-05
1.39556e-08
2.41459
2.25148
2.94453
0.0115228
2.58356
2.11515
1.11022e-16
3.01923
2.41941
0.176227
2.57331
0.991453
0.011987
0.501473
2.41015
1.82009
1.5957
2.62341
1.78607
0.837825
2.37407
2.56777
1.6553
3.12363
1.7713
1.38862
0.880903
2.61471
1.4333
3.134
2.54527
0.309494
1.46846
3.07639
0.282925
0.281232
0.183646
2.83334
1.08586
2.01947
0.000604836
1.61123
0.00115037
2.17103
1.21191
2.73506
1.21208
2.02165
2.01776
0.00415386
2.34599
2.02987
1.48871
2.22191
1.59277
1.42132
1.17571
2.48115
1.40054
2.5475
1.1224
2.75428
2.74395
0.00995699
1.61636
0.00413298
2.24471
2.95526
2.42174
0.763441
2.06834
2.22045e-16
2.27797
1.71245
0.00857674
0.149123
2.74246
1.10385
1.24235
1.10881
0.134382
0.0711809
2.17913
8.94158e-08
0.00213402
2.88095
0.637996
0.724048
0.157798
1.7203
2.27524
2.10156
2.31467
0.055843
0.00276885
2.45104
0.0161573
